0.0499987 3.99969
0.0999896 3.99875
0.149965 3.99719
0.199917 3.995
0.249837 3.99219
0.299719 3.98876
0.349554 3.9847
0.399334 3.98002
0.449051 3.97471
0.498699 3.96879
0.548269 3.96225
0.597753 3.95508
0.647143 3.9473
0.696433 3.93891
0.745613 3.92989
0.794677 3.92027
0.843617 3.91003
0.892425 3.89918
0.941094 3.88772
0.989616 3.87565
1.03798 3.86298
1.08619 3.8497
1.13422 3.83582
1.18208 3.82135
1.22975 3.80627
1.27724 3.7906
1.32452 3.77434
1.37159 3.75749
1.41845 3.74005
1.46509 3.72203
1.5115 3.70343
1.55767 3.68424
1.6036 3.66449
1.64928 3.64415
1.69471 3.62325
1.73986 3.60179
1.78475 3.57976
1.82935 3.55717
1.87367 3.53403
1.9177 3.51033
1.96143 3.48609
2.00485 3.4613
2.04796 3.43597
2.09075 3.4101
2.13321 3.3837
2.17534 3.35677
2.21713 3.32932
2.25857 3.30134
2.29966 3.27285
2.34039 3.24385
2.38075 3.21434
2.42075 3.18434
2.46036 3.15383
2.49959 3.12283
2.53843 3.09134
2.57687 3.05937
2.61491 3.02692
2.65254 2.994
2.68976 2.96061
2.72656 2.92676
2.76293 2.89245
2.79886 2.85768
2.83437 2.82248
2.86942 2.78683
2.90403 2.75074
2.93819 2.71423
2.97189 2.67729
3.00512 2.63993
3.03789 2.60216
3.07017 2.56399
3.10198 2.52541
3.13331 2.48644
3.16414 2.44708
3.19448 2.40734
3.22432 2.36722
3.25366 2.32673
3.28249 2.28588
3.31081 2.24467
3.33861 2.20311
3.36588 2.16121
3.39264 2.11897
3.41886 2.0764
3.44454 2.0335
3.46969 1.99028
3.4943 1.94676
3.51836 1.90293
3.54187 1.8588
3.56483 1.81438
3.58723 1.76968
3.60907 1.72471
3.63035 1.67946
3.65106 1.63395
3.67119 1.58819
3.69076 1.54217
3.70975 1.49592
3.72816 1.44943
3.74598 1.40272
3.76322 1.35578
3.77988 1.30864
3.79594 1.26129
3.81141 1.21374
3.82628 1.16601
3.84056 1.11809
3.85423 1.07
3.86731 1.02174
3.87978 0.973315
3.89164 0.924743
3.90289 0.876027
3.91354 0.827173
3.92357 0.778191
3.93299 0.729087
3.9418 0.679869
3.94999 0.630544
3.95756 0.581121
3.96452 0.531608
3.97085 0.482011
3.97657 0.432339
3.98166 0.382599
3.98613 0.3328
3.98998 0.282949
3.9932 0.233053
3.99581 0.183121
3.99778 0.133161
3.99914 0.0831793
3.99986 0.0331849
3.99996 -0.0168146
3.99944 -0.0668116
3.99829 -0.116798
3.99652 -0.166766
3.99413 -0.216709
3.9911 -0.266617
3.98746 -0.316484
3.98319 -0.366301
3.9783 -0.416061
3.97279 -0.465756
3.96666 -0.515378
3.95991 -0.56492
3.95254 -0.614373
3.94455 -0.663731
3.93594 -0.712984
3.92672 -0.762127
3.91689 -0.81115
3.90645 -0.860046
3.89539 -0.908808
3.88373 -0.957428
3.87146 -1.0059
3.85858 -1.05421
3.8451 -1.10236
3.83102 -1.15034
3.81634 -1.19813
3.80107 -1.24574
3.7852 -1.29316
3.76874 -1.34037
3.75169 -1.38737
3.73406 -1.43416
3.71584 -1.48072
3.69704 -1.52705
3.67766 -1.57315
3.65771 -1.61899
3.63719 -1.66459
3.6161 -1.70992
3.59444 -1.75499
3.57223 -1.79978
3.54945 -1.84429
3.52612 -1.88851
3.50224 -1.93244
3.47781 -1.97607
3.45284 -2.01938
3.42733 -2.06239
3.40128 -2.10507
3.3747 -2.14742
3.3476 -2.18943
3.31997 -2.2311
3.29182 -2.27243
3.26316 -2.3134
3.23399 -2.354
3.20431 -2.39424
3.17413 -2.43411
3.14346 -2.4736
3.11229 -2.51269
3.08064 -2.5514
3.04851 -2.58971
3.0159 -2.62761
2.98282 -2.6651
2.94927 -2.70218
2.91527 -2.73883
2.88081 -2.77506
2.84589 -2.81085
2.81054 -2.84621
2.77474 -2.88111
2.73851 -2.91557
2.70185 -2.94957
2.66477 -2.98312
2.62728 -3.01619
2.58937 -3.0488
2.55106 -3.08093
2.51235 -3.11257
2.47325 -3.14373
2.43376 -3.1744
2.39389 -3.20457
2.35365 -3.23425
2.31303 -3.26341
2.27206 -3.29207
2.23073 -3.32021
2.18906 -3.34784
2.14704 -3.37494
2.10469 -3.40151
2.06201 -3.42756
2.019 -3.45306
1.97568 -3.47803
1.93205 -3.50245
1.88812 -3.52633
1.8439 -3.54965
1.79938 -3.57242
1.75459 -3.59464
1.70952 -3.61629
1.66418 -3.63737
1.61859 -3.65789
1.57274 -3.67784
1.52664 -3.69721
1.48031 -3.716
1.43375 -3.73422
1.38696 -3.75185
1.33995 -3.76889
1.29274 -3.78534
1.24532 -3.80121
1.19771 -3.81648
1.14991 -3.83115
1.10193 -3.84522
1.05378 -3.8587
1.00547 -3.87157
0.956997 -3.88383
0.908376 -3.89549
0.859613 -3.90654
0.810715 -3.91698
0.761691 -3.92681
0.712547 -3.93602
0.663293 -3.94462
0.613934 -3.9526
0.56448 -3.95997
0.514938 -3.96672
0.465315 -3.97284
0.415619 -3.97835
0.365859 -3.98323
0.316041 -3.9875
0.266174 -3.99113
0.216265 -3.99415
0.166323 -3.99654
0.116354 -3.99831
0.0663676 -3.99945
0.0163706 -3.99997
-0.033629 -3.99986
-0.0836233 -3.99913
-0.133605 -3.99777
-0.183565 -3.99579
-0.233497 -3.99318
-0.283392 -3.98995
-0.333243 -3.98609
-0.383042 -3.98162
-0.432781 -3.97652
-0.482452 -3.9708
-0.532048 -3.96446
-0.581561 -3.9575
-0.630983 -3.94992
-0.680306 -3.94172
-0.729523 -3.93291
-0.778626 -3.92349
-0.827608 -3.91345
-0.87646 -3.9028
-0.925175 -3.89154
-0.973746 -3.87967
-1.02216 -3.86719
-1.07042 -3.85411
-1.11851 -3.84043
-1.16643 -3.82615
-1.21417 -3.81127
-1.26171 -3.7958
-1.30906 -3.77973
-1.3562 -3.76307
-1.40313 -3.74583
-1.44984 -3.728
-1.49633 -3.70958
-1.54258 -3.69059
-1.58859 -3.67102
-1.63436 -3.65087
-1.67986 -3.63016
-1.72511 -3.60888
-1.77008 -3.58703
-1.81478 -3.56463
-1.8592 -3.54167
-1.90332 -3.51815
-1.94715 -3.49408
-1.99067 -3.46947
-2.03388 -3.44432
-2.07678 -3.41863
-2.11934 -3.3924
-2.16158 -3.36564
-2.20348 -3.33836
-2.24504 -3.31056
-2.28625 -3.28224
-2.32709 -3.2534
-2.36758 -3.22406
-2.40769 -3.19422
-2.44743 -3.16387
-2.48679 -3.13303
-2.52576 -3.1017
-2.56433 -3.06989
-2.6025 -3.0376
-2.64027 -3.00483
-2.67762 -2.97159
-2.71455 -2.93789
-2.75106 -2.90373
-2.78715 -2.86911
-2.82279 -2.83405
-2.85799 -2.79855
-2.89275 -2.7626
-2.92706 -2.72623
-2.96091 -2.68943
-2.99429 -2.65221
-3.02721 -2.61457
-3.05965 -2.57653
-3.09162 -2.53809
-3.12311 -2.49924
-3.1541 -2.46001
-3.1846 -2.42039
-3.21461 -2.3804
-3.24411 -2.34003
-3.27311 -2.2993
-3.30159 -2.2582
-3.32956 -2.21676
-3.35701 -2.17497
-3.38393 -2.13284
-3.41033 -2.09037
-3.43619 -2.04758
-3.46152 -2.00447
-3.4863 -1.96104
-3.51054 -1.91731
-3.53423 -1.87328
-3.55737 -1.82896
-3.57996 -1.78435
-3.60198 -1.73946
-3.62344 -1.6943
-3.64434 -1.64888
-3.66466 -1.6032
-3.68442 -1.55726
-3.70359 -1.51109
-3.72219 -1.46468
-3.74021 -1.41804
-3.75764 -1.37117
-3.77449 -1.3241
-3.79074 -1.27681
-3.80641 -1.22933
-3.82148 -1.18166
-3.83595 -1.1338
-3.84982 -1.08576
-3.86309 -1.03755
-3.87576 -0.989186
-3.88782 -0.940663
-3.89928 -0.891993
-3.91012 -0.843183
-3.92035 -0.794242
-3.92998 -0.745177
-3.93898 -0.695995
-3.94738 -0.646705
-3.95515 -0.597313
-3.96231 -0.547829
-3.96885 -0.498258
-3.97476 -0.44861
-3.98006 -0.398892
-3.98474 -0.349111
-3.98879 -0.299276
-3.99222 -0.249394
-3.99502 -0.199473
-3.9972 -0.149521
-3.99876 -0.0995456
-3.99969 -0.0495546
-4 0.000444093
-3.99968 0.0504428
-3.99874 0.100434
-3.99717 0.150409
-3.99498 0.20036
-3.99216 0.25028
-3.98872 0.300162
-3.98466 0.349996
-3.97997 0.399776
-3.97466 0.449493
-3.96874 0.49914
-3.96219 0.548708
-3.95502 0.598192
-3.94723 0.647581
-3.93883 0.69687
-3.92981 0.746049
-3.92018 0.795113
-3.90993 0.844051
-3.89908 0.892858
-3.88761 0.941526
-3.87554 0.990046
-3.86286 1.03841
-3.84958 1.08662
-3.8357 1.13465
-3.82121 1.18251
-3.80614 1.23018
-3.79046 1.27766
-3.77419 1.32494
-3.75734 1.37201
-3.7399 1.41887
-3.72187 1.4655
-3.70326 1.51191
-3.68407 1.55808
-3.66431 1.60401
-3.64397 1.64969
-3.62307 1.69511
-3.6016 1.74026
-3.57956 1.78514
-3.55697 1.82975
-3.53382 1.87407
-3.51012 1.91809
-3.48587 1.96182
-3.46107 2.00524
-3.43574 2.04834
-3.40987 2.09113
-3.38346 2.13359
-3.35653 2.17571
-3.32907 2.2175
-3.30109 2.25894
-3.2726 2.30002
-3.24359 2.34075
-3.21408 2.38111
-3.18407 2.4211
-3.15355 2.46071
-3.12255 2.49994
-3.09106 2.53877
-3.05908 2.57721
-3.02663 2.61525
-2.9937 2.65287
-2.96031 2.69009
-2.92645 2.72688
-2.89214 2.76325
-2.85737 2.79918
-2.82216 2.83468
-2.78651 2.86973
-2.75042 2.90434
-2.7139 2.93849
-2.67696 2.97219
-2.6396 3.00541
-2.60183 3.03817
-2.56365 3.07046
-2.52507 3.10226
-2.48609 3.13358
-2.44673 3.16441
-2.40698 3.19475
-2.36686 3.22459
-2.32637 3.25392
-2.28552 3.28274
-2.2443 3.31106
-2.20274 3.33885
-2.16084 3.36612
-2.11859 3.39287
-2.07602 3.41909
-2.03312 3.44477
-1.9899 3.46991
-1.94637 3.49452
-1.90254 3.51857
-1.85841 3.54208
-1.81399 3.56503
-1.76929 3.58743
-1.72431 3.60926
-1.67906 3.63053
-1.63354 3.65124
-1.58778 3.67137
-1.54176 3.69093
-1.49551 3.70991
-1.44902 3.72832
-1.4023 3.74614
-1.35537 3.76337
-1.30822 3.78002
-1.26087 3.79608
-1.21332 3.81154
-1.16558 3.82641
-1.11766 3.84068
-1.06957 3.85435
-1.02131 3.86742
-0.972884 3.87988
-0.924311 3.89174
-0.875593 3.90299
-0.826739 3.91363
-0.777755 3.92366
-0.72865 3.93307
-0.679431 3.94187
-0.630106 3.95006
-0.580682 3.95763
-0.531168 3.96458
-0.48157 3.97091
-0.431898 3.97661
-0.382157 3.9817
-0.332358 3.98617
-0.282506 3.99001
-0.23261 3.99323
-0.182678 3.99583
-0.132717 3.9978
-0.0827353 3.99914
-0.0327408 3.99987
0.0172587 3.99996
0.0672556 3.99943
0.117242 3.99828
0.16721 3.9965
0.217152 3.9941
0.26706 3.99107
0.316926 3.98742
0.366743 3.98315
0.416502 3.97826
0.466197 3.97274
0.515818 3.9666
0.565359 3.95984
0.614812 3.95247
0.664168 3.94447
0.713421 3.93586
0.762562 3.92664
0.811585 3.9168
0.86048 3.90635
0.909241 3.89529
0.95786 3.88362
1.00633 3.87134
1.05464 3.85846
1.10279 3.84498
1.15076 3.83089
1.19856 3.81621
1.24617 3.80093
1.29358 3.78506
1.34079 3.76859
1.38779 3.75154
1.43458 3.7339
1.48114 3.71567
1.52746 3.69687
1.57356 3.67749
1.6194 3.65753
1.66499 3.637
1.71032 3.61591
1.75539 3.59425
1.80018 3.57203
1.84468 3.54924
1.88891 3.52591
1.93283 3.50202
1.97645 3.47759
2.01977 3.45261
2.06277 3.4271
2.10544 3.40105
2.14779 3.37446
2.1898 3.34735
2.23147 3.31972
2.27279 3.29157
2.31376 3.2629
2.35436 3.23372
2.3946 3.20404
2.43446 3.17386
2.47394 3.14318
2.51304 3.11201
2.55174 3.08036
2.59005 3.04822
2.62795 3.01561
2.66544 2.98252
2.70251 2.94897
2.73916 2.91496
2.77538 2.8805
2.81117 2.84558
2.84652 2.81022
2.88142 2.77442
2.91588 2.73819
2.94987 2.70153
2.98341 2.66444
3.01648 2.62694
3.04908 2.58903
3.08121 2.55072
3.11285 2.512
3.14401 2.4729
3.17467 2.43341
3.20484 2.39353
3.23451 2.35329
3.26367 2.31267
3.29232 2.2717
3.32046 2.23037
3.34808 2.18869
3.37518 2.14667
3.40175 2.10431
3.42778 2.06162
3.45329 2.01862
3.47825 1.9753
3.50267 1.93166
3.52654 1.88773
3.54986 1.8435
3.57262 1.79899
3.59483 1.75419
3.61648 1.70912
3.63756 1.66378
3.65807 1.61818
3.67801 1.57233
3.69738 1.52623
3.71617 1.4799
3.73438 1.43333
3.752 1.38654
3.76904 1.33953
3.78549 1.29232
3.80135 1.2449
3.81661 1.19729
3.83128 1.14949
3.84535 1.10151
3.85881 1.05336
3.87168 1.00504
3.88394 0.956566
3.89559 0.907943
3.90664 0.859179
3.91707 0.81028
3.92689 0.761255
3.9361 0.71211
3.9447 0.662855
3.95267 0.613495
3.96003 0.56404
3.96677 0.514497
3.97289 0.464874
3.9784 0.415177
3.98327 0.365416
3.98753 0.315598
3.99116 0.265731
3.99417 0.215822
3.99656 0.165879
3.99832 0.11591
3.99946 0.0659235
3.99997 0.0159265
3.99985 -0.0340731
3.99912 -0.0840673
3.99775 -0.134048
3.99577 -0.184009
3.99315 -0.23394
3.98992 -0.283835
3.98606 -0.333685
3.98158 -0.383484
3.97647 -0.433222
3.97074 -0.482893
3.9644 -0.532488
3.95743 -0.582
3.94985 -0.631421
3.94165 -0.680744
3.93283 -0.72996
3.9234 -0.779062
3.91335 -0.828042
3.9027 -0.876893
3.89143 -0.925607
3.87956 -0.974177
3.86708 -1.02259
3.854 -1.07085
3.84031 -1.11894
3.82602 -1.16686
3.81114 -1.21459
3.79566 -1.26213
3.77959 -1.30948
3.76292 -1.35662
3.74567 -1.40355
3.72783 -1.45026
3.70942 -1.49674
3.69042 -1.54299
3.67084 -1.589
3.65069 -1.63476
3.62997 -1.68027
3.60869 -1.72551
3.58684 -1.77048
3.56443 -1.81518
3.54146 -1.85959
3.51794 -1.90371
3.49387 -1.94753
3.46925 -1.99105
3.44409 -2.03426
3.4184 -2.07715
3.39216 -2.11972
3.3654 -2.16196
3.33812 -2.20385
3.31031 -2.24541
3.28198 -2.28661
3.25315 -2.32745
3.2238 -2.36794
3.19395 -2.40805
3.1636 -2.44778
3.13276 -2.48714
3.10142 -2.5261
3.0696 -2.56467
3.03731 -2.60284
3.00454 -2.6406
2.97129 -2.67795
2.93759 -2.71488
2.90342 -2.75139
2.86881 -2.78746
2.83374 -2.82311
2.79823 -2.85831
2.76228 -2.89306
2.72591 -2.92736
2.6891 -2.96121
2.65188 -2.99459
2.61424 -3.0275
2.57619 -3.05994
2.53774 -3.0919
2.4989 -3.12338
2.45966 -3.15437
2.42004 -3.18487
2.38004 -3.21487
2.33967 -3.24437
2.29893 -3.27336
2.25784 -3.30184
2.21639 -3.32981
2.17459 -3.35725
2.13246 -3.38417
2.08999 -3.41056
2.0472 -3.43642
2.00408 -3.46174
1.96066 -3.48652
1.91692 -3.51076
1.87289 -3.53444
1.82856 -3.55758
1.78395 -3.58016
1.73906 -3.60217
1.6939 -3.62363
1.64847 -3.64452
1.60279 -3.66484
1.55686 -3.68459
1.51068 -3.70376
1.46426 -3.72236
1.41762 -3.74037
1.37076 -3.7578
1.32368 -3.77464
1.27639 -3.79089
1.22891 -3.80654
1.18123 -3.82161
1.13337 -3.83607
1.08533 -3.84994
1.03713 -3.86321
0.988755 -3.87587
0.940231 -3.88793
0.89156 -3.89937
0.842749 -3.91021
0.793807 -3.92044
0.744741 -3.93006
0.695558 -3.93906
0.646267 -3.94745
0.596874 -3.95522
0.547389 -3.96237
0.497818 -3.9689
0.448169 -3.97481
0.39845 -3.98011
0.348669 -3.98477
0.298833 -3.98882
0.248951 -3.99225
0.19903 -3.99505
0.149077 -3.99722
0.0991017 -3.99877
0.0491106 -3.9997
-0.00088818 -4
-0.0508868 -3.99968
-0.100877 -3.99873
-0.150852 -3.99715
-0.200804 -3.99496
-0.250724 -3.99213
-0.300605 -3.98869
-0.350438 -3.98462
-0.400217 -3.97993
-0.449934 -3.97461
-0.49958 -3.96868
-0.549148 -3.96213
-0.598631 -3.95495
-0.64802 -3.94716
-0.697307 -3.93875
-0.746486 -3.92973
-0.795548 -3.92009
-0.844485 -3.90984
-0.893291 -3.89898
-0.941957 -3.88751
-0.990476 -3.87543
-1.03884 -3.86275
-1.08704 -3.84946
-1.13507 -3.83557
-1.18293 -3.82108
-1.2306 -3.806
-1.27808 -3.79032
-1.32535 -3.77405
-1.37243 -3.75719
-1.41928 -3.73974
-1.46592 -3.72171
-1.51232 -3.70309
-1.55849 -3.6839
-1.60442 -3.66413
-1.65009 -3.64379
-1.69551 -3.62288
-1.74066 -3.6014
-1.78554 -3.57936
-1.83014 -3.55676
-1.87446 -3.53361
-1.91848 -3.5099
-1.9622 -3.48565
-2.00562 -3.46085
-2.04872 -3.43551
-2.09151 -3.40963
-2.13396 -3.38322
-2.17608 -3.35629
-2.21787 -3.32882
-2.2593 -3.30084
-2.30039 -3.27234
-2.34111 -3.24333
-2.38147 -3.21382
-2.42145 -3.1838
-2.46106 -3.15328
-2.50028 -3.12227
-2.53911 -3.09078
-2.57755 -3.0588
-2.61558 -3.02634
-2.65321 -2.99341
-2.69042 -2.96001
-2.7272 -2.92615
-2.76357 -2.89183
-2.7995 -2.85706
-2.83499 -2.82185
-2.87004 -2.78619
-2.90465 -2.7501
-2.93879 -2.71358
-2.97248 -2.67663
-3.00571 -2.63927
-3.03846 -2.60149
-3.07074 -2.56331
-3.10254 -2.52472
-3.13386 -2.48574
-3.16469 -2.44638
-3.19502 -2.40663
-3.22485 -2.3665
-3.25418 -2.32601
-3.283 -2.28515
-3.31131 -2.24394
-3.3391 -2.20237
-3.36636 -2.16046
-3.39311 -2.11821
-3.41932 -2.07564
-3.445 -2.03273
-3.47013 -1.98951
-3.49473 -1.94598
-3.51878 -1.90215
-3.54228 -1.85802
-3.56523 -1.81359
-3.58762 -1.76889
-3.60945 -1.7239
-3.63072 -1.67865
-3.65142 -1.63314
-3.67155 -1.58737
-3.6911 -1.54135
-3.71008 -1.49509
-3.72848 -1.4486
-3.74629 -1.40189
-3.76352 -1.35495
-3.78017 -1.3078
-3.79622 -1.26045
-3.81168 -1.2129
-3.82654 -1.16516
-3.84081 -1.11724
-3.85447 -1.06914
-3.86753 -1.02088
-3.87999 -0.972454
-3.89184 -0.923879
-3.90309 -0.87516
-3.91372 -0.826304
-3.92374 -0.77732
-3.93315 -0.728213
-3.94195 -0.678993
-3.95013 -0.629667
-3.95769 -0.580243
-3.96463 -0.530727
-3.97096 -0.481129
-3.97666 -0.431456
-3.98175 -0.381715
-3.98621 -0.331915
-3.99004 -0.282063
-3.99326 -0.232167
-3.99585 -0.182234
-3.99781 -0.132273
-3.99915 -0.0822913
-3.99987 -0.0322968
-3.99996 0.0177028
-3.99943 0.0676996
-3.99827 0.117686
-3.99648 0.167654
-3.99408 0.217595
-3.99105 0.267503
-3.98739 0.317369
-3.98311 0.367185
-3.97821 0.416944
-3.97269 0.466638
-3.96654 0.516259
-3.95978 0.565799
-3.9524 0.615251
-3.9444 0.664606
-3.93579 0.713858
-3.92655 0.762998
-3.91671 0.812019
-3.90625 0.860914
-3.89519 0.909673
-3.88351 0.958291
-3.87123 1.00676
-3.85835 1.05507
-3.84486 1.10321
-3.83077 1.15119
-3.81608 1.19898
-3.80079 1.24659
-3.78491 1.294
-3.76844 1.34121
-3.75138 1.38821
-3.73374 1.43499
-3.71551 1.48155
-3.6967 1.52788
-3.67731 1.57396
-3.65735 1.61981
-3.63682 1.66539
-3.61572 1.71072
-3.59405 1.75579
-3.57183 1.80057
-3.54904 1.84508
-3.5257 1.8893
-3.50181 1.93322
-3.47737 1.97684
-3.45239 2.02015
-3.42687 2.06315
-3.40081 2.10582
-3.37422 2.14817
-3.34711 2.19017
-3.31947 2.23184
-3.29131 2.27316
-3.26264 2.31412
-3.23346 2.35472
-3.20378 2.39496
-3.17359 2.43481
-3.14291 2.47429
-3.11173 2.51339
-3.08008 2.55208
-3.04793 2.59039
-3.01532 2.62828
-2.98223 2.66577
-2.94867 2.70283
-2.91466 2.73948
-2.88019 2.7757
-2.84527 2.81148
-2.8099 2.84683
-2.7741 2.88173
-2.73786 2.91618
-2.7012 2.95017
-2.66411 2.98371
-2.62661 3.01678
-2.58869 3.04937
-2.55037 3.08149
-2.51166 3.11313
-2.47255 3.14428
-2.43305 3.17494
-2.39318 3.20511
-2.35293 3.23477
-2.31231 3.26393
-2.27133 3.29258
-2.23 3.32071
-2.18832 3.34832
-2.14629 3.37542
-2.10393 3.40198
-2.06124 3.42801
-2.01823 3.45351
-1.97491 3.47847
-1.93127 3.50288
-1.88734 3.52675
-1.84311 3.55006
-1.79859 3.57282
-1.75379 3.59503
-1.70872 3.61667
-1.66338 3.63774
-1.61778 3.65825
-1.57192 3.67819
-1.52582 3.69755
-1.47949 3.71633
-1.43292 3.73453
-1.38612 3.75215
-1.33912 3.76919
-1.2919 3.78563
-1.24448 3.80148
-1.19686 3.81674
-1.14906 3.8314
-1.10108 3.84547
-1.05293 3.85893
-1.00461 3.87179
-0.956135 3.88405
-0.907511 3.89569
-0.858745 3.90673
-0.809845 3.91716
-0.760819 3.92698
-0.711673 3.93618
-0.662417 3.94477
-0.613057 3.95274
-0.563601 3.9601
-0.514057 3.96683
-0.464433 3.97295
-0.414736 3.97844
-0.364974 3.98331
-0.315155 3.98757
-0.265288 3.99119
-0.215378 3.9942
-0.165435 3.99658
-0.115466 3.99833
-0.0654795 3.99946
-0.0154824 3.99997
0.0345171 3.99985
0.0845113 3.99911
0.134492 3.99774
0.184452 3.99574
0.234383 3.99313
0.284278 3.98989
0.334128 3.98602
0.383926 3.98153
0.433664 3.97642
0.483334 3.97069
0.532928 3.96434
0.58244 3.95737
0.63186 3.94978
0.681181 3.94157
0.730397 3.93275
0.779498 3.92331
0.828477 3.91326
0.877327 3.9026
0.926039 3.89133
0.974607 3.87945
1.02302 3.86697
1.07128 3.85388
1.11937 3.84018
1.16728 3.82589
1.21501 3.811
1.26255 3.79552
1.3099 3.77944
1.35704 3.76277
1.40396 3.74552
1.45067 3.72767
1.49715 3.70925
1.5434 3.69025
1.58941 3.67067
1.63517 3.65051
1.68067 3.62979
1.72591 3.6085
1.77088 3.58664
1.81557 3.56422
1.85998 3.54125
1.9041 3.51773
1.94792 3.49365
1.99144 3.46903
2.03465 3.44387
2.07753 3.41816
2.1201 3.39193
2.16233 3.36516
2.20422 3.33787
2.24577 3.31006
2.28697 3.28173
2.32782 3.25289
2.36829 3.22354
2.4084 3.19368
2.44813 3.16333
2.48748 3.13248
2.52644 3.10114
2.56501 3.06932
2.60317 3.03702
2.64093 3.00424
2.67828 2.971
2.71521 2.93729
2.75171 2.90312
2.78778 2.8685
2.82342 2.83343
2.85862 2.79791
2.89337 2.76196
2.92766 2.72558
2.9615 2.68877
2.99488 2.65154
3.02779 2.6139
3.06023 2.57585
3.09219 2.5374
3.12366 2.49855
3.15465 2.45931
3.18514 2.41968
3.21514 2.37968
3.24463 2.33931
3.27362 2.29857
3.30209 2.25747
3.33005 2.21602
3.35749 2.17422
3.38441 2.13208
3.41079 2.08961
3.43665 2.04682
3.46196 2.0037
3.48674 1.96027
3.51097 1.91653
3.53465 1.8725
3.55778 1.82817
3.58035 1.78355
3.60237 1.73866
3.62382 1.6935
3.6447 1.64807
3.66502 1.60238
3.68476 1.55645
3.70393 1.51027
3.72252 1.46385
3.74053 1.41721
3.75795 1.37034
3.77478 1.32326
3.79103 1.27597
3.80668 1.22849
3.82174 1.18081
3.8362 1.13295
3.85006 1.08491
3.86332 1.0367
3.87598 0.988325
3.88803 0.939799
3.89947 0.891127
3.91031 0.842315
3.92053 0.793372
3.93014 0.744304
3.93914 0.695121
3.94752 0.645828
3.95528 0.596435
3.96243 0.546949
3.96896 0.497377
3.97486 0.447728
3.98015 0.398008
3.98481 0.348226
3.98885 0.29839
3.99227 0.248508
3.99507 0.198586
3.99724 0.148634
3.99878 0.0986577
3.9997 0.0486665
4 -0.00133227
3.99967 -0.0513309
3.99872 -0.101321
3.99714 -0.151296
3.99493 -0.201247
3.99211 -0.251167
3.98866 -0.301047
3.98458 -0.350881
3.97988 -0.400659
3.97456 -0.450375
3.96862 -0.500021
3.96206 -0.549588
3.95488 -0.59907
3.94709 -0.648458
3.93867 -0.697744
3.92964 -0.746922
3.92 -0.795983
3.90975 -0.84492
3.89888 -0.893724
3.8874 -0.942389
3.87532 -0.990907
3.86263 -1.03927
3.84934 -1.08747
3.83545 -1.1355
3.82095 -1.18335
3.80586 -1.23102
3.79018 -1.2785
3.7739 -1.32577
3.75703 -1.37284
3.73958 -1.4197
3.72154 -1.46633
3.70292 -1.51273
3.68372 -1.5589
3.66395 -1.60482
3.64361 -1.6505
3.62269 -1.69591
3.60121 -1.74106
3.57916 -1.78594
3.55656 -1.83054
3.5334 -1.87485
3.50969 -1.91887
3.48543 -1.96259
3.46063 -2.006
3.43528 -2.0491
3.4094 -2.09188
3.38299 -2.13434
3.35604 -2.17646
3.32858 -2.21824
3.30059 -2.25967
3.27209 -2.30075
3.24307 -2.34147
3.21355 -2.38182
3.18353 -2.42181
3.15301 -2.46141
3.122 -2.50063
3.09049 -2.53946
3.05851 -2.57789
3.02605 -2.61592
2.99311 -2.65354
2.95971 -2.69074
2.92585 -2.72753
2.89153 -2.76389
2.85675 -2.79982
2.82153 -2.83531
2.78587 -2.87035
2.74977 -2.90495
2.71325 -2.93909
2.6763 -2.97278
2.63893 -3.006
2.60115 -3.03875
2.56296 -3.07103
2.52438 -3.10282
2.4854 -3.13414
2.44603 -3.16496
2.40627 -3.19528
2.36615 -3.22511
2.32565 -3.25444
2.28479 -3.28325
2.24357 -3.31155
2.202 -3.33934
2.16009 -3.3666
2.11784 -3.39334
2.07526 -3.41955
2.03235 -3.44522
1.98913 -3.47036
1.94559 -3.49495
1.90176 -3.51899
1.85762 -3.54249
1.8132 -3.56543
1.76849 -3.58782
1.7235 -3.60964
1.67825 -3.63091
1.63273 -3.6516
1.58696 -3.67172
1.54094 -3.69127
1.49468 -3.71025
1.44819 -3.72864
1.40147 -3.74645
1.35453 -3.76367
1.30738 -3.78031
1.26003 -3.79636
1.21247 -3.81181
1.16473 -3.82667
1.11681 -3.84093
1.06871 -3.85459
1.02045 -3.86765
0.972023 -3.8801
0.923447 -3.89195
0.874727 -3.90318
0.82587 -3.91381
0.776884 -3.92383
0.727777 -3.93324
0.678556 -3.94203
0.629229 -3.9502
0.579803 -3.95776
0.530287 -3.96469
0.480688 -3.97101
0.431015 -3.97671
0.381273 -3.98179
0.331472 -3.98624
0.28162 -3.99007
0.231723 -3.99328
0.18179 -3.99587
0.131829 -3.99783
0.0818473 -3.99916
0.0318527 -3.99987
-0.0181469 -3.99996
-0.0681437 -3.99942
-0.11813 -3.99826
-0.168097 -3.99647
-0.218039 -3.99405
-0.267946 -3.99102
-0.317812 -3.98735
-0.367627 -3.98307
-0.417386 -3.97816
-0.467079 -3.97264
-0.516699 -3.96649
-0.566239 -3.95972
-0.61569 -3.95233
-0.665044 -3.94433
-0.714295 -3.93571
-0.763434 -3.92647
-0.812454 -3.91662
-0.861347 -3.90616
-0.910106 -3.89509
-0.958722 -3.88341
-1.00719 -3.87112
-1.0555 -3.85823
-1.10364 -3.84473
-1.15161 -3.83064
-1.19941 -3.81594
-1.24701 -3.80065
-1.29442 -3.78477
-1.34163 -3.76829
-1.38862 -3.75123
-1.4354 -3.73358
-1.48196 -3.71535
-1.52829 -3.69653
-1.57437 -3.67714
-1.62021 -3.65717
-1.6658 -3.63664
-1.71113 -3.61553
-1.75618 -3.59386
-1.80097 -3.57163
-1.84547 -3.54883
-1.88969 -3.52549
-1.93361 -3.50159
-1.97723 -3.47715
-2.02053 -3.45216
-2.06353 -3.42664
-2.1062 -3.40058
-2.14854 -3.37399
-2.19055 -3.34687
-2.23221 -3.31922
-2.27352 -3.29106
-2.31448 -3.26239
-2.35508 -3.2332
-2.39531 -3.20351
-2.43517 -3.17332
-2.47464 -3.14263
-2.51373 -3.11146
-2.55243 -3.07979
-2.59072 -3.04765
-2.62862 -3.01503
-2.6661 -2.98193
-2.70316 -2.94837
-2.7398 -2.91436
-2.77602 -2.87988
-2.8118 -2.84496
-2.84714 -2.80959
-2.88204 -2.77378
-2.91648 -2.73754
-2.95047 -2.70087
-2.984 -2.66378
-3.01707 -2.62627
-3.04966 -2.58835
-3.08177 -2.55003
-3.11341 -2.51131
-3.14456 -2.4722
-3.17521 -2.4327
-3.20537 -2.39282
-3.23503 -2.35257
-3.26418 -2.31195
-3.29283 -2.27097
-3.32096 -2.22963
-3.34857 -2.18794
-3.37565 -2.14592
-3.40221 -2.10355
-3.42824 -2.06086
-3.45373 -2.01785
-3.47869 -1.97452
-3.5031 -1.93089
-3.52696 -1.88695
-3.55027 -1.84271
-3.57302 -1.79819
-3.59522 -1.75339
-3.61686 -1.70831
-3.63793 -1.66297
-3.65843 -1.61737
-3.67836 -1.57151
-3.69772 -1.52541
-3.7165 -1.47907
-3.73469 -1.4325
-3.75231 -1.38571
-3.76934 -1.3387
-3.78577 -1.29148
-3.80162 -1.24406
-3.81687 -1.19644
-3.83153 -1.14864
-3.84559 -1.10065
-3.85905 -1.0525
-3.8719 -1.00418
-3.88415 -0.955704
-3.89579 -0.907078
-3.90683 -0.858311
-3.91725 -0.80941
-3.92706 -0.760383
-3.93626 -0.711236
-3.94484 -0.661979
-3.95281 -0.612618
-3.96016 -0.563161
-3.96689 -0.513616
-3.973 -0.463991
-3.97849 -0.414294
-3.98335 -0.364532
-3.9876 -0.314713
-3.99122 -0.264844
-3.99422 -0.214935
-3.9966 -0.164992
-3.99835 -0.115022
-3.99947 -0.0650355
-3.99997 -0.0150383
-3.99985 0.0349612
-3.9991 0.0849553
-3.99772 0.134936
-3.99572 0.184896
-3.9931 0.234827
-3.98985 0.284721
-3.98598 0.33457
-3.98149 0.384368
-3.97637 0.434105
-3.97064 0.483774
-3.96428 0.533368
-3.9573 0.582879
-3.94971 0.632298
-3.9415 0.681619
-3.93267 0.730833
-3.92323 0.779933
-3.91317 0.828911
-3.9025 0.87776
-3.89123 0.926471
-3.87934 0.975038
-3.86685 1.02345
-3.85376 1.07171
-3.84006 1.11979
-3.82576 1.16771
-3.81087 1.21544
-3.79538 1.26298
-3.77929 1.31032
-3.76262 1.35745
-3.74536 1.40438
-3.72751 1.45109
-3.70908 1.49757
-3.69007 1.54381
-3.67049 1.58982
-3.65033 1.63557
-3.6296 1.68107
-3.6083 1.72631
-3.58644 1.77128
-3.56402 1.81597
-3.54105 1.86037
-3.51752 1.90449
-3.49343 1.94831
-3.46881 1.99182
-3.44364 2.03503
-3.41793 2.07791
-3.39169 2.12047
-3.36492 2.1627
-3.33763 2.2046
-3.30981 2.24614
-3.28148 2.28734
-3.25263 2.32818
-3.22327 2.36865
-3.19341 2.40876
-3.16306 2.44849
-3.1322 2.48783
-3.10086 2.52679
-3.06904 2.56535
-3.03673 2.60351
-3.00395 2.64127
-2.9707 2.67861
-2.93699 2.71553
-2.90281 2.75203
-2.86819 2.7881
-2.83311 2.82373
-2.79759 2.85893
-2.76164 2.89367
-2.72526 2.92797
-2.68844 2.9618
-2.65121 2.99518
-2.61357 3.02808
-2.57551 3.06051
-2.53706 3.09247
-2.4982 3.12394
-2.45896 3.15492
-2.41933 3.18541
-2.37933 3.2154
-2.33895 3.24489
-2.29821 3.27387
-2.2571 3.30235
-2.21565 3.3303
-2.17385 3.35773
-2.13171 3.38465
-2.08923 3.41103
-2.04643 3.43687
-2.00331 3.46219
-1.95988 3.48696
-1.91614 3.51118
-1.8721 3.53486
-1.82777 3.55798
-1.78316 3.58055
-1.73826 3.60256
-1.6931 3.62401
-1.64766 3.64489
-1.60198 3.6652
-1.55604 3.68494
-1.50986 3.7041
-1.46344 3.72268
-1.41679 3.74068
-1.36992 3.7581
-1.32284 3.77493
-1.27555 3.79117
-1.22806 3.80682
-1.18038 3.82187
-1.13252 3.83633
-1.08448 3.85018
-1.03627 3.86344
-0.987895 3.87609
-0.939368 3.88813
-0.890694 3.89957
-0.841881 3.9104
-0.792936 3.92062
-0.743868 3.93022
-0.694683 3.93922
-0.64539 3.94759
-0.595996 3.95535
-0.546509 3.96249
-0.496936 3.96901
-0.447286 3.97491
-0.397566 3.98019
-0.347784 3.98485
-0.297947 3.98889
-0.248064 3.9923
-0.198143 3.99509
-0.14819 3.99725
-0.0982138 3.99879
-0.0482225 3.99971
0.00177637 4
0.0517749 3.99966
0.101765 3.99871
0.15174 3.99712
0.201691 3.99491
0.25161 3.99208
0.30149 3.98862
0.351323 3.98454
0.401101 3.97984
0.450816 3.97451
0.500461 3.96857
0.550028 3.962
0.599509 3.95482
0.648896 3.94702
0.698182 3.9386
0.747358 3.92956
0.796418 3.91991
0.845354 3.90965
0.894157 3.89878
0.942821 3.8873
0.991337 3.87521
1.0397 3.86252
1.0879 3.84922
1.13593 3.83532
1.18378 3.82082
1.23144 3.80573
1.27892 3.79004
1.32619 3.77375
1.37326 3.75688
1.42011 3.73942
1.46674 3.72138
1.51314 3.70275
1.55931 3.68355
1.60523 3.66377
1.6509 3.64342
1.69631 3.6225
1.74146 3.60102
1.78634 3.57897
1.83093 3.55636
1.87524 3.53319
1.91926 3.50948
1.96298 3.48521
2.00639 3.46041
2.04949 3.43506
2.09226 3.40917
2.13471 3.38275
2.17683 3.3558
2.21861 3.32833
2.26004 3.30034
2.30111 3.27183
2.34183 3.24281
2.38218 3.21329
2.42216 3.18326
2.46176 3.15273
2.50098 3.12172
2.5398 3.09021
2.57823 3.05822
2.61625 3.02576
2.65387 2.99282
2.69107 2.95941
2.72785 2.92554
2.76421 2.89122
2.80013 2.85644
2.83562 2.82122
2.87066 2.78555
2.90526 2.74945
2.9394 2.71292
2.97308 2.67597
3.00629 2.6386
3.03904 2.60081
3.07131 2.56262
3.1031 2.52403
3.13441 2.48505
3.16523 2.44567
3.19555 2.40592
3.22538 2.36579
3.25469 2.32529
3.28351 2.28442
3.3118 2.2432
3.33958 2.20163
3.36684 2.15971
3.39358 2.11746
3.41978 2.07488
3.44545 2.03197
3.47058 1.98874
3.49516 1.94521
3.51921 1.90137
3.5427 1.85723
3.56563 1.8128
3.58802 1.76809
3.60984 1.7231
3.63109 1.67785
3.65178 1.63233
3.6719 1.58655
3.69144 1.54053
3.71041 1.49427
3.7288 1.44778
3.74661 1.40105
3.76383 1.35411
3.78046 1.30696
3.7965 1.2596
3.81195 1.21205
3.8268 1.16431
3.84105 1.11638
3.85471 1.06828
3.86776 1.02002
3.88021 0.971592
3.89205 0.923015
3.90328 0.874293
3.91391 0.825435
3.92392 0.776448
3.93332 0.72734
3.9421 0.678118
3.95027 0.62879
3.95782 0.579364
3.96475 0.529847
3.97107 0.480248
3.97676 0.430573
3.98183 0.380831
3.98628 0.33103
3.99011 0.281177
3.99331 0.23128
3.99589 0.181347
3.99784 0.131385
3.99917 0.0814033
3.99988 0.0314086
3.99996 -0.018591
3.99941 -0.0685877
3.99824 -0.118574
3.99645 -0.168541
3.99403 -0.218482
3.99099 -0.268389
3.98732 -0.318254
3.98303 -0.36807
3.97812 -0.417827
3.97258 -0.46752
3.96643 -0.517139
3.95966 -0.566678
3.95226 -0.616128
3.94425 -0.665482
3.93563 -0.714732
3.92639 -0.76387
3.91653 -0.812889
3.90606 -0.861781
3.89499 -0.910538
3.8833 -0.959153
3.87101 -1.00762
3.85811 -1.05593
3.84461 -1.10407
3.83051 -1.15204
3.81581 -1.19983
3.80052 -1.24743
3.78463 -1.29484
3.76814 -1.34204
3.75108 -1.38904
3.73342 -1.43582
3.71518 -1.48237
3.69636 -1.5287
3.67696 -1.57478
3.65699 -1.62062
3.63645 -1.6662
3.61534 -1.71153
3.59366 -1.75658
3.57143 -1.80137
3.54863 -1.84587
3.52528 -1.89008
3.50138 -1.934
3.47693 -1.97761
3.45194 -2.02092
3.42641 -2.06391
3.40034 -2.10658
3.37375 -2.14891
3.34662 -2.19092
3.31898 -2.23258
3.29081 -2.27389
3.26213 -2.31485
3.23294 -2.35544
3.20325 -2.39567
3.17305 -2.43552
3.14236 -2.47499
3.11118 -2.51408
3.07951 -2.55277
3.04736 -2.59106
3.01473 -2.62895
2.98164 -2.66643
2.94807 -2.70349
2.91405 -2.74013
2.87957 -2.77634
2.84464 -2.81212
2.80927 -2.84745
2.77346 -2.88235
2.73722 -2.91679
2.70054 -2.95077
2.66345 -2.9843
2.62594 -3.01736
2.58802 -3.04995
2.54969 -3.08206
2.51097 -3.11369
2.47185 -3.14483
2.43235 -3.17548
2.39247 -3.20564
2.35221 -3.23529
2.31159 -3.26444
2.2706 -3.29308
2.22926 -3.3212
2.18757 -3.34881
2.14554 -3.37589
2.10318 -3.40245
2.06048 -3.42847
2.01747 -3.45396
1.97414 -3.47891
1.9305 -3.50331
1.88656 -3.52717
1.84232 -3.55047
1.7978 -3.57322
1.75299 -3.59542
1.70791 -3.61705
1.66257 -3.63811
1.61696 -3.65861
1.57111 -3.67854
1.525 -3.69789
1.47866 -3.71666
1.43209 -3.73485
1.38529 -3.75246
1.33828 -3.76948
1.29106 -3.78592
1.24363 -3.80176
1.19602 -3.81701
1.14821 -3.83166
1.10023 -3.84571
1.05207 -3.85916
1.00375 -3.87201
0.955272 -3.88426
0.906646 -3.89589
0.857878 -3.90692
0.808975 -3.91734
0.759947 -3.92715
0.710799 -3.93634
0.661541 -3.94492
0.612179 -3.95288
0.562721 -3.96022
0.513176 -3.96694
0.46355 -3.97305
0.413852 -3.97853
0.36409 -3.9834
0.31427 -3.98764
0.264401 -3.99125
0.214491 -3.99425
0.164548 -3.99661
0.114579 -3.99836
0.0645914 -3.99948
0.0145942 -3.99997
-0.0354053 -3.99984
-0.0853993 -3.99909
-0.13538 -3.99771
-0.185339 -3.9957
-0.23527 -3.99308
-0.285164 -3.98982
-0.335013 -3.98595
-0.38481 -3.98145
-0.434546 -3.97633
-0.484215 -3.97058
-0.533808 -3.96422
-0.583318 -3.95724
-0.632737 -3.94964
-0.682057 -3.94142
-0.73127 -3.93259
-0.780369 -3.92314
-0.829346 -3.91308
-0.878193 -3.90241
-0.926903 -3.89112
-0.975469 -3.87923
-1.02388 -3.86674
-1.07213 -3.85364
-1.12022 -3.83994
-1.16813 -3.82563
-1.21586 -3.81073
-1.2634 -3.79524
-1.31074 -3.77915
-1.35787 -3.76247
-1.4048 -3.7452
-1.4515 -3.72735
-1.49798 -3.70892
-1.54422 -3.6899
-1.59022 -3.67031
-1.63598 -3.65015
-1.68147 -3.62941
-1.72671 -3.60811
-1.77167 -3.58625
-1.81636 -3.56382
-1.86077 -3.54084
-1.90488 -3.5173
-1.9487 -3.49322
-1.99221 -3.46859
-2.03541 -3.44341
-2.07829 -3.4177
-2.12085 -3.39146
-2.16308 -3.36468
-2.20497 -3.33738
-2.24651 -3.30956
-2.2877 -3.28122
-2.32854 -3.25237
-2.36901 -3.22301
-2.40911 -3.19315
-2.44884 -3.16278
-2.48818 -3.13193
-2.52713 -3.10058
-2.56569 -3.06875
-2.60385 -3.03644
-2.6416 -3.00366
-2.67894 -2.9704
-2.71586 -2.93668
-2.75235 -2.90251
-2.78842 -2.86788
-2.82405 -2.8328
-2.85924 -2.79728
-2.89398 -2.76132
-2.92827 -2.72493
-2.9621 -2.68811
-2.99547 -2.65088
-3.02837 -2.61323
-3.0608 -2.57517
-3.09275 -2.53671
-3.12421 -2.49786
-3.15519 -2.45861
-3.18568 -2.41898
-3.21567 -2.37897
-3.24515 -2.33859
-3.27413 -2.29784
-3.3026 -2.25674
-3.33055 -2.21528
-3.35798 -2.17348
-3.38488 -2.13133
-3.41126 -2.08886
-3.4371 -2.04605
-3.46241 -2.00293
-3.48717 -1.95949
-3.51139 -1.91575
-3.53507 -1.87171
-3.55819 -1.82738
-3.58075 -1.78276
-3.60275 -1.73786
-3.62419 -1.69269
-3.64507 -1.64726
-3.66538 -1.60157
-3.68511 -1.55563
-3.70427 -1.50944
-3.72284 -1.46302
-3.74084 -1.41638
-3.75825 -1.36951
-3.77508 -1.32242
-3.79131 -1.27513
-3.80695 -1.22764
-3.822 -1.17996
-3.83645 -1.13209
-3.8503 -1.08405
-3.86355 -1.03584
-3.8762 -0.987464
-3.88824 -0.938936
-3.89967 -0.890261
-3.91049 -0.841447
-3.92071 -0.792501
-3.93031 -0.743432
-3.93929 -0.694246
-3.94766 -0.644952
-3.95542 -0.595557
-3.96255 -0.546069
-3.96907 -0.496496
-3.97496 -0.446845
-3.98024 -0.397124
-3.98489 -0.347342
-3.98892 -0.297505
-3.99233 -0.247621
-3.99511 -0.197699
-3.99727 -0.147746
-3.9988 -0.0977698
-3.99971 -0.0477784
-4 0.00222046
-3.99966 0.052219
-3.99869 0.102209
-3.9971 0.152184
-3.99489 0.202134
-3.99205 0.252053
-3.98859 0.301933
-3.9845 0.351765
-3.97979 0.401543
-3.97446 0.451258
-3.96851 0.500902
-3.96194 0.550468
-3.95475 0.599948
-3.94694 0.649334
-3.93852 0.698619
-3.92948 0.747795
-3.91982 0.796853
-3.90956 0.845788
-3.89868 0.89459
-3.88719 0.943252
-3.8751 0.991767
-3.8624 1.04013
-3.8491 1.08832
-3.83519 1.13635
-3.82069 1.1842
-3.80559 1.23187
-3.78989 1.27934
-3.77361 1.32661
-3.75673 1.37368
-3.73926 1.42053
-3.72122 1.46716
-3.70259 1.51356
-3.68338 1.55972
-3.66359 1.60564
-3.64324 1.65131
-3.62231 1.69672
-3.60082 1.74186
-3.57877 1.78673
-3.55615 1.83133
-3.53299 1.87564
-3.50927 1.91965
-3.485 1.96337
-3.46018 2.00677
-3.43483 2.04987
-3.40894 2.09264
-3.38251 2.13509
-3.35556 2.1772
-3.32808 2.21898
-3.30009 2.2604
-3.27158 2.30148
-3.24255 2.34219
-3.21302 2.38254
-3.18299 2.42251
-3.15246 2.46211
-3.12144 2.50132
-3.08993 2.54014
-3.05794 2.57857
-3.02547 2.61659
-2.99252 2.6542
-2.95911 2.6914
-2.92524 2.72818
-2.89091 2.76453
-2.85613 2.80045
-2.8209 2.83593
-2.78523 2.87097
-2.74913 2.90556
-2.7126 2.9397
-2.67564 2.97337
-2.63826 3.00659
-2.60048 3.03933
-2.56228 3.0716
-2.52369 3.10338
-2.4847 3.13469
-2.44532 3.1655
-2.40556 3.19582
-2.36543 3.22564
-2.32493 3.25495
-2.28406 3.28376
-2.24283 3.31205
-2.20126 3.33983
-2.15934 3.36708
-2.11708 3.39381
-2.0745 3.42001
-2.03159 3.44567
-1.98836 3.4708
-1.94482 3.49538
-1.90098 3.51942
-1.85684 3.5429
-1.81241 3.56584
-1.76769 3.58821
-1.7227 3.61003
-1.67744 3.63128
-1.63192 3.65196
-1.58615 3.67208
-1.54012 3.69161
-1.49386 3.71058
-1.44736 3.72896
-1.40064 3.74676
-1.35369 3.76398
-1.30654 3.7806
-1.25918 3.79664
-1.21163 3.81208
-1.16388 3.82693
-1.11596 3.84118
-1.06786 3.85483
-1.01959 3.86787
-0.971161 3.88032
-0.922583 3.89215
-0.87386 3.90338
-0.825001 3.914
-0.776013 3.924
-0.726903 3.9334
-0.67768 3.94218
-0.628351 3.95034
-0.578924 3.95788
-0.529407 3.96481
-0.479807 3.97112
-0.430132 3.97681
-0.380389 3.98187
-0.330587 3.98632
-0.280734 3.99014
-0.230837 3.99333
-0.180903 3.99591
-0.130941 3.99786
-0.0809593 3.99918
-0.0309645 3.99988
0.0190351 3.99995
0.0690317 3.9994
0.119018 3.99823
0.168985 3.99643
0.218926 3.994
0.268832 3.99096
0.318697 3.98728
0.368512 3.98299
0.418269 3.97807
0.467961 3.97253
0.51758 3.96637
0.567118 3.95959
0.616567 3.95219
0.66592 3.94418
0.715169 3.93555
0.764306 3.9263
0.813324 3.91644
0.862215 3.90597
0.910971 3.89489
0.959584 3.88319
1.00805 3.8709
1.05635 3.85799
1.1045 3.84449
1.15246 3.83038
1.20025 3.81568
1.24785 3.80038
1.29526 3.78448
1.34246 3.768
1.38946 3.75092
1.43623 3.73326
1.48279 3.71502
1.52911 3.69619
1.57519 3.67679
1.62102 3.65681
1.66661 3.63627
1.71193 3.61515
1.75698 3.59347
1.80176 3.57123
1.84626 3.54843
1.89047 3.52507
1.93439 3.50116
1.978 3.47671
2.0213 3.45172
2.06429 3.42618
2.10695 3.40011
2.14929 3.37351
2.19129 3.34638
2.23295 3.31873
2.27425 3.29056
2.31521 3.26187
2.3558 3.23268
2.39602 3.20298
2.43587 3.17278
2.47534 3.14208
2.51442 3.1109
2.55311 3.07922
2.5914 3.04707
2.62929 3.01444
2.66676 2.98134
2.70382 2.94777
2.74045 2.91375
2.77666 2.87926
2.81243 2.84433
2.84777 2.80896
2.88265 2.77314
2.91709 2.73689
2.95107 2.70021
2.9846 2.66312
3.01765 2.6256
3.05023 2.58768
3.08234 2.54935
3.11397 2.51062
3.1451 2.4715
3.17575 2.432
3.2059 2.39211
3.23555 2.35185
3.2647 2.31122
3.29333 2.27023
3.32145 2.22889
3.34905 2.1872
3.37613 2.14517
3.40268 2.1028
3.4287 2.0601
3.45418 2.01708
3.47912 1.97375
3.50352 1.93011
3.52738 1.88616
3.55068 1.84193
3.57342 1.7974
3.59561 1.75259
3.61724 1.70751
3.6383 1.66216
3.65879 1.61656
3.67871 1.5707
3.69806 1.52459
3.71682 1.47825
3.73501 1.43167
3.75262 1.38487
3.76963 1.33786
3.78606 1.29064
3.8019 1.24321
3.81714 1.19559
3.83179 1.14779
3.84583 1.0998
3.85928 1.05164
3.87212 1.00332
3.88436 0.954841
3.896 0.906213
3.90702 0.857444
3.91743 0.80854
3.92723 0.759511
3.93642 0.710362
3.94499 0.661103
3.95294 0.61174
3.96028 0.562282
3.967 0.512736
3.9731 0.463109
3.97858 0.413411
3.98344 0.363647
3.98767 0.313827
3.99128 0.263958
3.99427 0.214048
3.99663 0.164104
3.99837 0.114135
3.99949 0.0641474
3.99997 0.0141501
3.99984 -0.0358494
3.99908 -0.0858433
3.99769 -0.135824
3.99568 -0.185783
3.99305 -0.235713
3.98979 -0.285607
3.98591 -0.335455
3.9814 -0.385252
3.97628 -0.434988
3.97053 -0.484656
3.96416 -0.534249
3.95717 -0.583758
3.94957 -0.633175
3.94135 -0.682494
3.93251 -0.731706
3.92305 -0.780804
3.91299 -0.82978
3.90231 -0.878626
3.89102 -0.927335
3.87913 -0.975899
3.86662 -1.02431
3.85352 -1.07256
3.83981 -1.12065
3.8255 -1.16856
3.8106 -1.21628
3.7951 -1.26382
3.779 -1.31116
3.76232 -1.35829
3.74505 -1.40521
3.72719 -1.45191
3.70875 -1.49839
3.68973 -1.54463
3.67014 -1.59063
3.64997 -1.63638
3.62923 -1.68188
3.60792 -1.72711
3.58605 -1.77207
3.56362 -1.81676
3.54063 -1.86116
3.51709 -1.90527
3.493 -1.94909
3.46837 -1.9926
3.44319 -2.03579
3.41747 -2.07867
3.39122 -2.12123
3.36444 -2.16345
3.33714 -2.20534
3.30931 -2.24688
3.28097 -2.28807
3.25211 -2.3289
3.22275 -2.36937
3.19288 -2.40947
3.16251 -2.44919
3.13165 -2.48853
3.1003 -2.52748
3.06847 -2.56603
3.03615 -2.60419
3.00336 -2.64193
2.9701 -2.67927
2.93638 -2.71618
2.9022 -2.75268
2.86757 -2.78874
2.83248 -2.82436
2.79696 -2.85955
2.761 -2.89429
2.7246 -2.92857
2.68779 -2.9624
2.65055 -2.99576
2.61289 -3.02866
2.57483 -3.06108
2.53637 -3.09303
2.49751 -3.12449
2.45826 -3.15547
2.41862 -3.18595
2.37861 -3.21593
2.33823 -3.24541
2.29748 -3.27438
2.25637 -3.30285
2.21491 -3.33079
2.1731 -3.35822
2.13096 -3.38512
2.08848 -3.41149
2.04567 -3.43733
2.00255 -3.46263
1.95911 -3.48739
1.91536 -3.51161
1.87132 -3.53527
1.82698 -3.55839
1.78236 -3.58095
1.73746 -3.60295
1.69229 -3.62438
1.64686 -3.64525
1.60116 -3.66555
1.55522 -3.68528
1.50903 -3.70443
1.46261 -3.72301
1.41596 -3.741
1.36909 -3.7584
1.322 -3.77522
1.27471 -3.79145
1.22722 -3.80709
1.17954 -3.82213
1.13167 -3.83658
1.08362 -3.85042
1.03541 -3.86367
0.987034 -3.87631
0.938504 -3.88834
0.889828 -3.89977
0.841012 -3.91059
0.792066 -3.92079
0.742995 -3.93039
0.693809 -3.93937
0.644514 -3.94773
0.595118 -3.95548
0.545629 -3.96261
0.496055 -3.96912
0.446404 -3.97501
0.396682 -3.98028
0.346899 -3.98493
0.297062 -3.98895
0.247178 -3.99236
0.197255 -3.99513
0.147302 -3.99729
0.0973258 -3.99882
0.0473343 -3.99972
-0.00266455 -4
-0.052663 -3.99965
-0.102653 -3.99868
-0.152627 -3.99709
-0.202578 -3.99487
-0.252497 -3.99202
-0.302376 -3.98855
-0.352208 -3.98446
-0.401985 -3.97975
-0.451699 -3.97441
-0.501343 -3.96846
-0.550908 -3.96188
-0.600387 -3.95469
-0.649772 -3.94687
-0.699056 -3.93844
-0.748231 -3.9294
-0.797289 -3.91974
-0.846222 -3.90946
-0.895023 -3.89858
-0.943684 -3.88709
-0.992197 -3.87499
-1.04056 -3.86228
-1.08875 -3.84898
-1.13678 -3.83507
-1.18463 -3.82056
-1.23229 -3.80545
-1.27976 -3.78975
-1.32703 -3.77346
-1.37409 -3.75658
-1.42094 -3.73911
-1.46757 -3.72105
-1.51397 -3.70242
-1.56013 -3.68321
-1.60604 -3.66342
-1.65171 -3.64306
-1.69712 -3.62213
-1.74226 -3.60063
-1.78713 -3.57857
-1.83172 -3.55595
-1.87603 -3.53278
-1.92004 -3.50905
-1.96375 -3.48478
-2.00716 -3.45996
-2.05025 -3.4346
-2.09302 -3.4087
-2.13546 -3.38228
-2.17757 -3.35532
-2.21935 -3.32784
-2.26077 -3.29984
-2.30184 -3.27132
-2.34255 -3.24229
-2.38289 -3.21276
-2.42287 -3.18272
-2.46246 -3.15219
-2.50167 -3.12116
-2.54049 -3.08965
-2.57891 -3.05765
-2.61693 -3.02518
-2.65454 -2.99223
-2.69173 -2.95882
-2.7285 -2.92494
-2.76485 -2.8906
-2.80077 -2.85582
-2.83625 -2.82059
-2.87128 -2.78491
-2.90587 -2.74881
-2.94 -2.71227
-2.97367 -2.67531
-3.00688 -2.63793
-3.03962 -2.60014
-3.07188 -2.56194
-3.10366 -2.52334
-3.13496 -2.48435
-3.16577 -2.44497
-3.19609 -2.40521
-3.2259 -2.36507
-3.25521 -2.32456
-3.28401 -2.28369
-3.3123 -2.24247
-3.34007 -2.20089
-3.36732 -2.15897
-3.39405 -2.11671
-3.42024 -2.07412
-3.4459 -2.0312
-3.47102 -1.98797
-3.4956 -1.94443
-3.51963 -1.90058
-3.54311 -1.85644
-3.56604 -1.81201
-3.58841 -1.76729
-3.61022 -1.7223
-3.63146 -1.67704
-3.65214 -1.63152
-3.67225 -1.58574
-3.69179 -1.53971
-3.71074 -1.49345
-3.72912 -1.44695
-3.74692 -1.40022
-3.76413 -1.35328
-3.78075 -1.30612
-3.79678 -1.25876
-3.81222 -1.2112
-3.82706 -1.16346
-3.8413 -1.11553
-3.85494 -1.06743
-3.86799 -1.01916
-3.88042 -0.97073
-3.89225 -0.922151
-3.90348 -0.873427
-3.91409 -0.824566
-3.92409 -0.775577
-3.93348 -0.726467
-3.94225 -0.677243
-3.95041 -0.627913
-3.95795 -0.578485
-3.96487 -0.528967
-3.97117 -0.479366
-3.97685 -0.42969
-3.98191 -0.379947
-3.98635 -0.330145
-3.99017 -0.280291
-3.99336 -0.230393
-3.99593 -0.180459
-3.99787 -0.130498
-3.99919 -0.0805153
-3.99988 -0.0305204
