0 0.0860236
0.001 0.0862608
0.002 0.0864991
0.003 0.0867385
0.004 0.0869789
0.005 0.0872204
0.006 0.0874629
0.007 0.0877065
0.008 0.0879513
0.009 0.0881971
0.01 0.088444
0.011 0.088692
0.012 0.0889411
0.013 0.0891913
0.014 0.0894427
0.015 0.0896952
0.016 0.0899488
0.017 0.0902036
0.018 0.0904595
0.019 0.0907166
0.02 0.0909749
0.021 0.0912343
0.022 0.0914949
0.023 0.0917568
0.024 0.0920198
0.025 0.092284
0.026 0.0925494
0.027 0.0928161
0.028 0.093084
0.029 0.0933531
0.03 0.0936235
0.031 0.0938951
0.032 0.094168
0.033 0.0944422
0.034 0.0947176
0.035 0.0949944
0.036 0.0952724
0.037 0.0955517
0.038 0.0958323
0.039 0.0961143
0.04 0.0963976
0.041 0.0966822
0.042 0.0969682
0.043 0.0972555
0.044 0.0975442
0.045 0.0978343
0.046 0.0981258
0.047 0.0984186
0.048 0.0987129
0.049 0.0990085
0.05 0.0993056
0.051 0.0996041
0.052 0.0999041
0.053 0.100205
0.054 0.100508
0.055 0.100813
0.056 0.101118
0.057 0.101426
0.058 0.101735
0.059 0.102045
0.06 0.102357
0.061 0.10267
0.062 0.102985
0.063 0.103301
0.064 0.103619
0.065 0.103939
0.066 0.10426
0.067 0.104583
0.068 0.104907
0.069 0.105233
0.07 0.105561
0.071 0.10589
0.072 0.106221
0.073 0.106554
0.074 0.106888
0.075 0.107224
0.076 0.107562
0.077 0.107901
0.078 0.108242
0.079 0.108585
0.08 0.108929
0.081 0.109276
0.082 0.109624
0.083 0.109974
0.084 0.110325
0.085 0.110679
0.086 0.111034
0.087 0.111391
0.088 0.11175
0.089 0.112111
0.09 0.112474
0.091 0.112839
0.092 0.113205
0.093 0.113574
0.094 0.113944
0.095 0.114316
0.096 0.114691
0.097 0.115067
0.098 0.115445
0.099 0.115825
0.1 0.116208
0.101 0.116592
0.102 0.116978
0.103 0.117367
0.104 0.117757
0.105 0.11815
0.106 0.118545
0.107 0.118942
0.108 0.119341
0.109 0.119742
0.11 0.120145
0.111 0.120551
0.112 0.120959
0.113 0.121369
0.114 0.121781
0.115 0.122196
0.116 0.122612
0.117 0.123031
0.118 0.123453
0.119 0.123877
0.12 0.124303
0.121 0.124731
0.122 0.125162
0.123 0.125595
0.124 0.126031
0.125 0.126469
0.126 0.12691
0.127 0.127353
0.128 0.127799
0.129 0.128247
0.13 0.128697
0.131 0.129151
0.132 0.129607
0.133 0.130065
0.134 0.130526
0.135 0.13099
0.136 0.131456
0.137 0.131925
0.138 0.132397
0.139 0.132872
0.14 0.133349
0.141 0.133829
0.142 0.134312
0.143 0.134798
0.144 0.135286
0.145 0.135778
0.146 0.136272
0.147 0.136769
0.148 0.13727
0.149 0.137773
0.15 0.138279
0.151 0.138788
0.152 0.1393
0.153 0.139816
0.154 0.140334
0.155 0.140856
0.156 0.141381
0.157 0.141908
0.158 0.14244
0.159 0.142974
0.16 0.143512
0.161 0.144052
0.162 0.144597
0.163 0.145144
0.164 0.145695
0.165 0.14625
0.166 0.146807
0.167 0.147369
0.168 0.147933
0.169 0.148502
0.17 0.149073
0.171 0.149649
0.172 0.150228
0.173 0.150811
0.174 0.151397
0.175 0.151987
0.176 0.152581
0.177 0.153179
0.178 0.15378
0.179 0.154385
0.18 0.154995
0.181 0.155608
0.182 0.156225
0.183 0.156846
0.184 0.157471
0.185 0.1581
0.186 0.158734
0.187 0.159371
0.188 0.160013
0.189 0.160659
0.19 0.161309
0.191 0.161963
0.192 0.162622
0.193 0.163285
0.194 0.163953
0.195 0.164625
0.196 0.165301
0.197 0.165983
0.198 0.166668
0.199 0.167359
0.2 0.168054
0.201 0.168753
0.202 0.169458
0.203 0.170167
0.204 0.170882
0.205 0.171601
0.206 0.172325
0.207 0.173054
0.208 0.173788
0.209 0.174528
0.21 0.175272
0.211 0.176022
0.212 0.176777
0.213 0.177537
0.214 0.178303
0.215 0.179074
0.216 0.17985
0.217 0.180632
0.218 0.18142
0.219 0.182213
0.22 0.183012
0.221 0.183817
0.222 0.184628
0.223 0.185444
0.224 0.186267
0.225 0.187095
0.226 0.18793
0.227 0.18877
0.228 0.189617
0.229 0.19047
0.23 0.19133
0.231 0.192195
0.232 0.193068
0.233 0.193946
0.234 0.194832
0.235 0.195724
0.236 0.196622
0.237 0.197528
0.238 0.19844
0.239 0.19936
0.24 0.200286
0.241 0.20122
0.242 0.202161
0.243 0.203109
0.244 0.204064
0.245 0.205027
0.246 0.205997
0.247 0.206975
0.248 0.20796
0.249 0.208953
0.25 0.209954
0.251 0.210963
0.252 0.211981
0.253 0.213006
0.254 0.214039
0.255 0.215081
0.256 0.216131
0.257 0.217189
0.258 0.218256
0.259 0.219332
0.26 0.220417
0.261 0.22151
0.262 0.222613
0.263 0.223724
0.264 0.224845
0.265 0.225975
0.266 0.227114
0.267 0.228263
0.268 0.229422
0.269 0.23059
0.27 0.231768
0.271 0.232957
0.272 0.234155
0.273 0.235364
0.274 0.236582
0.275 0.237812
0.276 0.239052
0.277 0.240303
0.278 0.241564
0.279 0.242837
0.28 0.244121
0.281 0.245416
0.282 0.246722
0.283 0.24804
0.284 0.24937
0.285 0.250711
0.286 0.252065
0.287 0.253431
0.288 0.254809
0.289 0.256199
0.29 0.257602
0.291 0.259018
0.292 0.260447
0.293 0.261889
0.294 0.263344
0.295 0.264813
0.296 0.266295
0.297 0.267792
0.298 0.269302
0.299 0.270826
0.3 0.272365
0.301 0.273918
0.302 0.275486
0.303 0.277069
0.304 0.278668
0.305 0.280281
0.306 0.28191
0.307 0.283555
0.308 0.285216
0.309 0.286893
0.31 0.288587
0.311 0.290297
0.312 0.292025
0.313 0.293769
0.314 0.295531
0.315 0.29731
0.316 0.299107
0.317 0.300923
0.318 0.302757
0.319 0.304609
0.32 0.30648
0.321 0.308371
0.322 0.310281
0.323 0.31221
0.324 0.31416
0.325 0.31613
0.326 0.318121
0.327 0.320133
0.328 0.322166
0.329 0.32422
0.33 0.326296
0.331 0.328395
0.332 0.330516
0.333 0.332659
0.334 0.334827
0.335 0.337017
0.336 0.339232
0.337 0.341471
0.338 0.343734
0.339 0.346023
0.34 0.348336
0.341 0.350676
0.342 0.353042
0.343 0.355435
0.344 0.357854
0.345 0.360301
0.346 0.362776
0.347 0.36528
0.348 0.367812
0.349 0.370373
0.35 0.372964
0.351 0.375586
0.352 0.378238
0.353 0.380921
0.354 0.383635
0.355 0.386382
0.356 0.389162
0.357 0.391975
0.358 0.394822
0.359 0.397703
0.36 0.400619
0.361 0.403571
0.362 0.406558
0.363 0.409583
0.364 0.412645
0.365 0.415744
0.366 0.418883
0.367 0.42206
0.368 0.425278
0.369 0.428536
0.37 0.431835
0.371 0.435176
0.372 0.438561
0.373 0.441988
0.374 0.44546
0.375 0.448977
0.376 0.452539
0.377 0.456148
0.378 0.459805
0.379 0.463509
0.38 0.467263
0.381 0.471066
0.382 0.474921
0.383 0.478827
0.384 0.482785
0.385 0.486798
0.386 0.490864
0.387 0.494986
0.388 0.499165
0.389 0.503401
0.39 0.507695
0.391 0.512049
0.392 0.516464
0.393 0.52094
0.394 0.525479
0.395 0.530082
0.396 0.534749
0.397 0.539483
0.398 0.544285
0.399 0.549155
0.4 0.554094
0.401 0.559105
0.402 0.564188
0.403 0.569345
0.404 0.574577
0.405 0.579884
0.406 0.58527
0.407 0.590734
0.408 0.596278
0.409 0.601905
0.41 0.607614
0.411 0.613408
0.412 0.619287
0.413 0.625255
0.414 0.631311
0.415 0.637457
0.416 0.643696
0.417 0.650027
0.418 0.656454
0.419 0.662977
0.42 0.669598
0.421 0.676319
0.422 0.68314
0.423 0.690064
0.424 0.697092
0.425 0.704226
0.426 0.711467
0.427 0.718816
0.428 0.726275
0.429 0.733845
0.43 0.741528
0.431 0.749326
0.432 0.757238
0.433 0.765267
0.434 0.773415
0.435 0.781681
0.436 0.790067
0.437 0.798574
0.438 0.807203
0.439 0.815955
0.44 0.82483
0.441 0.833829
0.442 0.842952
0.443 0.8522
0.444 0.861572
0.445 0.871069
0.446 0.88069
0.447 0.890434
0.448 0.900302
0.449 0.910292
0.45 0.920402
0.451 0.930631
0.452 0.940977
0.453 0.951439
0.454 0.962013
0.455 0.972696
0.456 0.983485
0.457 0.994376
0.458 1.00537
0.459 1.01645
0.46 1.02762
0.461 1.03887
0.462 1.0502
0.463 1.06159
0.464 1.07305
0.465 1.08455
0.466 1.0961
0.467 1.10769
0.468 1.1193
0.469 1.13091
0.47 1.14253
0.471 1.15414
0.472 1.16571
0.473 1.17725
0.474 1.18873
0.475 1.20014
0.476 1.21146
0.477 1.22267
0.478 1.23376
0.479 1.2447
0.48 1.25548
0.481 1.26608
0.482 1.27648
0.483 1.28665
0.484 1.29658
0.485 1.30624
0.486 1.31561
0.487 1.32468
0.488 1.33341
0.489 1.3418
0.49 1.34981
0.491 1.35742
0.492 1.36463
0.493 1.37141
0.494 1.37774
0.495 1.3836
0.496 1.38899
0.497 1.39388
0.498 1.39826
0.499 1.40213
0.5 1.40547
0.501 1.40828
0.502 1.41055
0.503 1.41227
0.504 1.41346
0.505 1.41409
0.506 1.41418
0.507 1.41374
0.508 1.41276
0.509 1.41125
0.51 1.40923
0.511 1.4067
0.512 1.40368
0.513 1.40018
0.514 1.39621
0.515 1.39179
0.516 1.38694
0.517 1.38168
0.518 1.37602
0.519 1.36998
0.52 1.36359
0.521 1.35686
0.522 1.34981
0.523 1.34246
0.524 1.33484
0.525 1.32696
0.526 1.31884
0.527 1.3105
0.528 1.30197
0.529 1.29325
0.53 1.28438
0.531 1.27536
0.532 1.26621
0.533 1.25695
0.534 1.24759
0.535 1.23815
0.536 1.22865
0.537 1.21909
0.538 1.20949
0.539 1.19986
0.54 1.19021
0.541 1.18056
0.542 1.17091
0.543 1.16128
0.544 1.15166
0.545 1.14208
0.546 1.13253
0.547 1.12303
0.548 1.11357
0.549 1.10417
0.55 1.09484
0.551 1.08557
0.552 1.07637
0.553 1.06725
0.554 1.0582
0.555 1.04924
0.556 1.04036
0.557 1.03156
0.558 1.02286
0.559 1.01425
0.56 1.00573
0.561 0.997309
0.562 0.988981
0.563 0.98075
0.564 0.972617
0.565 0.964581
0.566 0.956644
0.567 0.948805
0.568 0.941066
0.569 0.933425
0.57 0.925882
0.571 0.918438
0.572 0.911092
0.573 0.903844
0.574 0.896692
0.575 0.889637
0.576 0.882678
0.577 0.875813
0.578 0.869042
0.579 0.862365
0.58 0.85578
0.581 0.849286
0.582 0.842882
0.583 0.836568
0.584 0.830342
0.585 0.824203
0.586 0.81815
0.587 0.812182
0.588 0.806299
0.589 0.800497
0.59 0.794778
0.591 0.789139
0.592 0.783579
0.593 0.778098
0.594 0.772694
0.595 0.767365
0.596 0.762112
0.597 0.756932
0.598 0.751824
0.599 0.746788
0.6 0.741823
0.601 0.736927
0.602 0.732098
0.603 0.727337
0.604 0.722642
0.605 0.718012
0.606 0.713446
0.607 0.708943
0.608 0.704502
0.609 0.700121
0.61 0.695801
0.611 0.691539
0.612 0.687336
0.613 0.683189
0.614 0.679099
0.615 0.675063
0.616 0.671082
0.617 0.667155
0.618 0.66328
0.619 0.659456
0.62 0.655684
0.621 0.651961
0.622 0.648288
0.623 0.644663
0.624 0.641085
0.625 0.637555
0.626 0.63407
0.627 0.630631
0.628 0.627236
0.629 0.623885
0.63 0.620577
0.631 0.617312
0.632 0.614088
0.633 0.610906
0.634 0.607764
0.635 0.604661
0.636 0.601598
0.637 0.598574
0.638 0.595587
0.639 0.592637
0.64 0.589725
0.641 0.586848
0.642 0.584007
0.643 0.581201
0.644 0.578429
0.645 0.575692
0.646 0.572987
0.647 0.570316
0.648 0.567677
0.649 0.56507
0.65 0.562494
0.651 0.559949
0.652 0.557435
0.653 0.554951
0.654 0.552496
0.655 0.55007
0.656 0.547673
0.657 0.545304
0.658 0.542962
0.659 0.540649
0.66 0.538362
0.661 0.536101
0.662 0.533867
0.663 0.531659
0.664 0.529476
0.665 0.527318
0.666 0.525185
0.667 0.523076
0.668 0.520991
0.669 0.51893
0.67 0.516892
0.671 0.514877
0.672 0.512885
0.673 0.510915
0.674 0.508967
0.675 0.507041
0.676 0.505136
0.677 0.503252
0.678 0.501389
0.679 0.499546
0.68 0.497724
0.681 0.495922
0.682 0.494139
0.683 0.492376
0.684 0.490632
0.685 0.488907
0.686 0.487201
0.687 0.485513
0.688 0.483843
0.689 0.482191
0.69 0.480557
0.691 0.47894
0.692 0.47734
0.693 0.475758
0.694 0.474192
0.695 0.472643
0.696 0.47111
0.697 0.469593
0.698 0.468092
0.699 0.466607
0.7 0.465138
0.701 0.463683
0.702 0.462244
0.703 0.46082
0.704 0.459411
0.705 0.458016
0.706 0.456636
0.707 0.45527
0.708 0.453918
0.709 0.45258
0.71 0.451255
0.711 0.449944
0.712 0.448647
0.713 0.447363
0.714 0.446092
0.715 0.444834
0.716 0.443588
0.717 0.442355
0.718 0.441135
0.719 0.439927
0.72 0.438731
0.721 0.437547
0.722 0.436375
0.723 0.435215
0.724 0.434067
0.725 0.43293
0.726 0.431804
0.727 0.43069
0.728 0.429587
0.729 0.428495
0.73 0.427413
0.731 0.426343
0.732 0.425283
0.733 0.424233
0.734 0.423194
0.735 0.422166
0.736 0.421147
0.737 0.420139
0.738 0.41914
0.739 0.418151
0.74 0.417173
0.741 0.416203
0.742 0.415244
0.743 0.414294
0.744 0.413353
0.745 0.412421
0.746 0.411499
0.747 0.410585
0.748 0.409681
0.749 0.408786
0.75 0.407899
0.751 0.407021
0.752 0.406152
0.753 0.405291
0.754 0.404438
0.755 0.403594
0.756 0.402759
0.757 0.401931
0.758 0.401112
0.759 0.400301
0.76 0.399497
0.761 0.398702
0.762 0.397914
0.763 0.397134
0.764 0.396362
0.765 0.395597
0.766 0.39484
0.767 0.394091
0.768 0.393348
0.769 0.392613
0.77 0.391886
0.771 0.391165
0.772 0.390452
0.773 0.389746
0.774 0.389046
0.775 0.388354
0.776 0.387668
0.777 0.38699
0.778 0.386318
0.779 0.385652
0.78 0.384994
0.781 0.384342
0.782 0.383696
0.783 0.383057
0.784 0.382425
0.785 0.381798
0.786 0.381178
0.787 0.380564
0.788 0.379957
0.789 0.379356
0.79 0.37876
0.791 0.378171
0.792 0.377588
0.793 0.37701
0.794 0.376439
0.795 0.375873
0.796 0.375314
0.797 0.374759
0.798 0.374211
0.799 0.373669
0.8 0.373132
0.801 0.3726
0.802 0.372074
0.803 0.371554
0.804 0.371039
0.805 0.370529
0.806 0.370025
0.807 0.369526
0.808 0.369033
0.809 0.368544
0.81 0.368061
0.811 0.367583
0.812 0.367111
0.813 0.366643
0.814 0.36618
0.815 0.365723
0.816 0.36527
0.817 0.364823
0.818 0.36438
0.819 0.363942
0.82 0.363509
0.821 0.363081
0.822 0.362658
0.823 0.362239
0.824 0.361825
0.825 0.361416
0.826 0.361011
0.827 0.360612
0.828 0.360216
0.829 0.359826
0.83 0.359439
0.831 0.359058
0.832 0.358681
0.833 0.358308
0.834 0.35794
0.835 0.357576
0.836 0.357216
0.837 0.356861
0.838 0.35651
0.839 0.356164
0.84 0.355821
0.841 0.355483
0.842 0.355149
0.843 0.35482
0.844 0.354494
0.845 0.354173
0.846 0.353856
0.847 0.353543
0.848 0.353234
0.849 0.352929
0.85 0.352628
0.851 0.352331
0.852 0.352038
0.853 0.351749
0.854 0.351464
0.855 0.351183
0.856 0.350905
0.857 0.350632
0.858 0.350363
0.859 0.350097
0.86 0.349835
0.861 0.349577
0.862 0.349323
0.863 0.349072
0.864 0.348826
0.865 0.348582
0.866 0.348343
0.867 0.348108
0.868 0.347876
0.869 0.347647
0.87 0.347423
0.871 0.347202
0.872 0.346984
0.873 0.34677
0.874 0.34656
0.875 0.346353
0.876 0.34615
0.877 0.345951
0.878 0.345755
0.879 0.345562
0.88 0.345373
0.881 0.345187
0.882 0.345005
0.883 0.344826
0.884 0.344651
0.885 0.344479
0.886 0.34431
0.887 0.344145
0.888 0.343983
0.889 0.343825
0.89 0.34367
0.891 0.343518
0.892 0.34337
0.893 0.343225
0.894 0.343083
0.895 0.342944
0.896 0.342809
0.897 0.342677
0.898 0.342548
0.899 0.342423
0.9 0.342301
0.901 0.342182
0.902 0.342066
0.903 0.341953
0.904 0.341844
0.905 0.341738
0.906 0.341635
0.907 0.341535
0.908 0.341438
0.909 0.341345
0.91 0.341254
0.911 0.341167
0.912 0.341083
0.913 0.341002
0.914 0.340924
0.915 0.340849
0.916 0.340777
0.917 0.340708
0.918 0.340643
0.919 0.34058
0.92 0.340521
0.921 0.340464
0.922 0.340411
0.923 0.340361
0.924 0.340313
0.925 0.340269
0.926 0.340228
0.927 0.340189
0.928 0.340154
0.929 0.340122
0.93 0.340093
0.931 0.340066
0.932 0.340043
0.933 0.340023
0.934 0.340006
0.935 0.339991
0.936 0.33998
0.937 0.339971
0.938 0.339966
0.939 0.339963
0.94 0.339964
0.941 0.339967
0.942 0.339974
0.943 0.339983
0.944 0.339995
0.945 0.34001
0.946 0.340028
0.947 0.340049
0.948 0.340073
0.949 0.3401
0.95 0.34013
0.951 0.340162
0.952 0.340198
0.953 0.340236
0.954 0.340278
0.955 0.340322
0.956 0.340369
0.957 0.340419
0.958 0.340472
0.959 0.340528
0.96 0.340586
0.961 0.340648
0.962 0.340713
0.963 0.34078
0.964 0.34085
0.965 0.340924
0.966 0.341
0.967 0.341079
0.968 0.34116
0.969 0.341245
0.97 0.341333
0.971 0.341423
0.972 0.341517
0.973 0.341613
0.974 0.341712
0.975 0.341814
0.976 0.341919
0.977 0.342027
0.978 0.342138
0.979 0.342251
0.98 0.342368
0.981 0.342487
0.982 0.342609
0.983 0.342734
0.984 0.342862
0.985 0.342993
0.986 0.343127
0.987 0.343264
0.988 0.343404
0.989 0.343546
0.99 0.343692
0.991 0.34384
0.992 0.343991
0.993 0.344146
0.994 0.344303
0.995 0.344463
0.996 0.344626
0.997 0.344792
0.998 0.344961
0.999 0.345132
1 0.345307
1.001 0.345485
1.002 0.345665
1.003 0.345849
1.004 0.346035
1.005 0.346225
1.006 0.346417
1.007 0.346612
1.008 0.346811
1.009 0.347012
1.01 0.347216
1.011 0.347424
1.012 0.347634
1.013 0.347847
1.014 0.348064
1.015 0.348283
1.016 0.348505
1.017 0.34873
1.018 0.348959
1.019 0.34919
1.02 0.349425
1.021 0.349662
1.022 0.349902
1.023 0.350146
1.024 0.350393
1.025 0.350642
1.026 0.350895
1.027 0.351151
1.028 0.35141
1.029 0.351672
1.03 0.351937
1.031 0.352205
1.032 0.352476
1.033 0.352751
1.034 0.353028
1.035 0.353309
1.036 0.353593
1.037 0.35388
1.038 0.35417
1.039 0.354464
1.04 0.35476
1.041 0.35506
1.042 0.355363
1.043 0.355669
1.044 0.355979
1.045 0.356291
1.046 0.356607
1.047 0.356926
1.048 0.357249
1.049 0.357574
1.05 0.357903
1.051 0.358236
1.052 0.358571
1.053 0.35891
1.054 0.359252
1.055 0.359598
1.056 0.359946
1.057 0.360299
1.058 0.360654
1.059 0.361013
1.06 0.361375
1.061 0.361741
1.062 0.36211
1.063 0.362483
1.064 0.362859
1.065 0.363238
1.066 0.363621
1.067 0.364008
1.068 0.364398
1.069 0.364791
1.07 0.365188
1.071 0.365589
1.072 0.365993
1.073 0.3664
1.074 0.366811
1.075 0.367226
1.076 0.367644
1.077 0.368066
1.078 0.368492
1.079 0.368921
1.08 0.369354
1.081 0.369791
1.082 0.370231
1.083 0.370675
1.084 0.371122
1.085 0.371574
1.086 0.372029
1.087 0.372488
1.088 0.372951
1.089 0.373417
1.09 0.373888
1.091 0.374362
1.092 0.37484
1.093 0.375322
1.094 0.375808
1.095 0.376297
1.096 0.376791
1.097 0.377289
1.098 0.37779
1.099 0.378296
1.1 0.378805
1.101 0.379319
1.102 0.379837
1.103 0.380358
1.104 0.380884
1.105 0.381414
1.106 0.381948
1.107 0.382486
1.108 0.383028
1.109 0.383575
1.11 0.384125
1.111 0.38468
1.112 0.385239
1.113 0.385803
1.114 0.386371
1.115 0.386943
1.116 0.387519
1.117 0.3881
1.118 0.388685
1.119 0.389274
1.12 0.389868
1.121 0.390467
1.122 0.391069
1.123 0.391677
1.124 0.392289
1.125 0.392905
1.126 0.393526
1.127 0.394152
1.128 0.394782
1.129 0.395417
1.13 0.396056
1.131 0.3967
1.132 0.397349
1.133 0.398003
1.134 0.398662
1.135 0.399325
1.136 0.399993
1.137 0.400666
1.138 0.401344
1.139 0.402027
1.14 0.402715
1.141 0.403408
1.142 0.404105
1.143 0.404808
1.144 0.405516
1.145 0.406229
1.146 0.406947
1.147 0.407671
1.148 0.408399
1.149 0.409133
1.15 0.409872
1.151 0.410616
1.152 0.411366
1.153 0.412121
1.154 0.412881
1.155 0.413647
1.156 0.414418
1.157 0.415195
1.158 0.415977
1.159 0.416765
1.16 0.417559
1.161 0.418358
1.162 0.419162
1.163 0.419973
1.164 0.420789
1.165 0.421611
1.166 0.422439
1.167 0.423273
1.168 0.424112
1.169 0.424958
1.17 0.425809
1.171 0.426667
1.172 0.42753
1.173 0.4284
1.174 0.429276
1.175 0.430158
1.176 0.431046
1.177 0.43194
1.178 0.432841
1.179 0.433748
1.18 0.434662
1.181 0.435581
1.182 0.436508
1.183 0.437441
1.184 0.43838
1.185 0.439326
1.186 0.440279
1.187 0.441239
1.188 0.442205
1.189 0.443178
1.19 0.444158
1.191 0.445145
1.192 0.446138
1.193 0.447139
1.194 0.448147
1.195 0.449162
1.196 0.450184
1.197 0.451213
1.198 0.45225
1.199 0.453294
1.2 0.454345
1.201 0.455404
1.202 0.45647
1.203 0.457543
1.204 0.458625
1.205 0.459713
1.206 0.46081
1.207 0.461914
1.208 0.463026
1.209 0.464146
1.21 0.465274
1.211 0.46641
1.212 0.467554
1.213 0.468706
1.214 0.469867
1.215 0.471035
1.216 0.472212
1.217 0.473397
1.218 0.474591
1.219 0.475793
1.22 0.477004
1.221 0.478223
1.222 0.479451
1.223 0.480688
1.224 0.481933
1.225 0.483188
1.226 0.484451
1.227 0.485723
1.228 0.487005
1.229 0.488296
1.23 0.489596
1.231 0.490905
1.232 0.492224
1.233 0.493552
1.234 0.49489
1.235 0.496238
1.236 0.497595
1.237 0.498962
1.238 0.500338
1.239 0.501725
1.24 0.503122
1.241 0.504529
1.242 0.505946
1.243 0.507373
1.244 0.508811
1.245 0.510259
1.246 0.511718
1.247 0.513187
1.248 0.514667
1.249 0.516158
1.25 0.51766
1.251 0.519173
1.252 0.520696
1.253 0.522231
1.254 0.523777
1.255 0.525335
1.256 0.526904
1.257 0.528484
1.258 0.530077
1.259 0.53168
1.26 0.533296
1.261 0.534924
1.262 0.536564
1.263 0.538215
1.264 0.539879
1.265 0.541556
1.266 0.543245
1.267 0.544946
1.268 0.54666
1.269 0.548387
1.27 0.550127
1.271 0.55188
1.272 0.553645
1.273 0.555424
1.274 0.557217
1.275 0.559023
1.276 0.560842
1.277 0.562675
1.278 0.564522
1.279 0.566383
1.28 0.568258
1.281 0.570147
1.282 0.57205
1.283 0.573968
1.284 0.5759
1.285 0.577847
1.286 0.579809
1.287 0.581786
1.288 0.583777
1.289 0.585784
1.29 0.587806
1.291 0.589844
1.292 0.591897
1.293 0.593966
1.294 0.596051
1.295 0.598152
1.296 0.600269
1.297 0.602403
1.298 0.604552
1.299 0.606719
1.3 0.608902
1.301 0.611102
1.302 0.613319
1.303 0.615553
1.304 0.617804
1.305 0.620073
1.306 0.622359
1.307 0.624664
1.308 0.626986
1.309 0.629326
1.31 0.631685
1.311 0.634062
1.312 0.636457
1.313 0.638872
1.314 0.641305
1.315 0.643757
1.316 0.646229
1.317 0.648719
1.318 0.65123
1.319 0.65376
1.32 0.65631
1.321 0.65888
1.322 0.661471
1.323 0.664081
1.324 0.666713
1.325 0.669365
1.326 0.672038
1.327 0.674732
1.328 0.677448
1.329 0.680185
1.33 0.682943
1.331 0.685724
1.332 0.688526
1.333 0.691351
1.334 0.694198
1.335 0.697068
1.336 0.699961
1.337 0.702876
1.338 0.705815
1.339 0.708777
1.34 0.711762
1.341 0.714771
1.342 0.717804
1.343 0.720861
1.344 0.723942
1.345 0.727048
1.346 0.730179
1.347 0.733334
1.348 0.736514
1.349 0.739719
1.35 0.74295
1.351 0.746207
1.352 0.749489
1.353 0.752797
1.354 0.756131
1.355 0.759492
1.356 0.762879
1.357 0.766292
1.358 0.769733
1.359 0.773201
1.36 0.776696
1.361 0.780218
1.362 0.783768
1.363 0.787345
1.364 0.790951
1.365 0.794584
1.366 0.798246
1.367 0.801936
1.368 0.805655
1.369 0.809402
1.37 0.813179
1.371 0.816984
1.372 0.820818
1.373 0.824682
1.374 0.828575
1.375 0.832498
1.376 0.83645
1.377 0.840433
1.378 0.844445
1.379 0.848487
1.38 0.852559
1.381 0.856662
1.382 0.860795
1.383 0.864958
1.384 0.869152
1.385 0.873376
1.386 0.877631
1.387 0.881916
1.388 0.886232
1.389 0.890579
1.39 0.894957
1.391 0.899365
1.392 0.903804
1.393 0.908273
1.394 0.912774
1.395 0.917304
1.396 0.921866
1.397 0.926458
1.398 0.93108
1.399 0.935733
1.4 0.940416
1.401 0.945129
1.402 0.949871
1.403 0.954644
1.404 0.959446
1.405 0.964277
1.406 0.969138
1.407 0.974027
1.408 0.978945
1.409 0.983892
1.41 0.988866
1.411 0.993868
1.412 0.998897
1.413 1.00395
1.414 1.00904
1.415 1.01414
1.416 1.01928
1.417 1.02444
1.418 1.02962
1.419 1.03483
1.42 1.04006
1.421 1.04531
1.422 1.05059
1.423 1.05589
1.424 1.0612
1.425 1.06654
1.426 1.0719
1.427 1.07727
1.428 1.08267
1.429 1.08808
1.43 1.0935
1.431 1.09894
1.432 1.10439
1.433 1.10985
1.434 1.11533
1.435 1.12082
1.436 1.12631
1.437 1.13181
1.438 1.13732
1.439 1.14283
1.44 1.14835
1.441 1.15386
1.442 1.15938
1.443 1.1649
1.444 1.17041
1.445 1.17592
1.446 1.18143
1.447 1.18692
1.448 1.1924
1.449 1.19788
1.45 1.20334
1.451 1.20878
1.452 1.21421
1.453 1.21961
1.454 1.225
1.455 1.23036
1.456 1.23569
1.457 1.24099
1.458 1.24627
1.459 1.25151
1.46 1.25671
1.461 1.26188
1.462 1.267
1.463 1.27209
1.464 1.27712
1.465 1.28211
1.466 1.28704
1.467 1.29193
1.468 1.29675
1.469 1.30152
1.47 1.30622
1.471 1.31086
1.472 1.31544
1.473 1.31994
1.474 1.32437
1.475 1.32872
1.476 1.333
1.477 1.33719
1.478 1.3413
1.479 1.34532
1.48 1.34925
1.481 1.35309
1.482 1.35684
1.483 1.36049
1.484 1.36403
1.485 1.36748
1.486 1.37082
1.487 1.37405
1.488 1.37717
1.489 1.38018
1.49 1.38307
1.491 1.38585
1.492 1.3885
1.493 1.39104
1.494 1.39345
1.495 1.39574
1.496 1.3979
1.497 1.39993
1.498 1.40183
1.499 1.4036
1.5 1.40524
1.501 1.40674
1.502 1.40811
1.503 1.40934
1.504 1.41043
1.505 1.41139
1.506 1.41221
1.507 1.41289
1.508 1.41343
1.509 1.41383
1.51 1.41409
1.511 1.4142
1.512 1.41418
1.513 1.41403
1.514 1.41373
1.515 1.41329
1.516 1.41271
1.517 1.412
1.518 1.41115
1.519 1.41017
1.52 1.40905
1.521 1.4078
1.522 1.40642
1.523 1.40491
1.524 1.40327
1.525 1.4015
1.526 1.39961
1.527 1.39759
1.528 1.39545
1.529 1.3932
1.53 1.39082
1.531 1.38833
1.532 1.38573
1.533 1.38302
1.534 1.3802
1.535 1.37727
1.536 1.37425
1.537 1.37112
1.538 1.36789
1.539 1.36456
1.54 1.36115
1.541 1.35764
1.542 1.35405
1.543 1.35037
1.544 1.34661
1.545 1.34277
1.546 1.33885
1.547 1.33486
1.548 1.3308
1.549 1.32667
1.55 1.32247
1.551 1.31821
1.552 1.31389
1.553 1.30951
1.554 1.30508
1.555 1.30059
1.556 1.29605
1.557 1.29147
1.558 1.28684
1.559 1.28217
1.56 1.27745
1.561 1.2727
1.562 1.26792
1.563 1.2631
1.564 1.25825
1.565 1.25337
1.566 1.24847
1.567 1.24354
1.568 1.23859
1.569 1.23361
1.57 1.22862
1.571 1.22362
1.572 1.2186
1.573 1.21356
1.574 1.20852
1.575 1.20347
1.576 1.19841
1.577 1.19334
1.578 1.18827
1.579 1.18319
1.58 1.17812
1.581 1.17305
1.582 1.16797
1.583 1.1629
1.584 1.15784
1.585 1.15278
1.586 1.14773
1.587 1.14268
1.588 1.13765
1.589 1.13262
1.59 1.12761
1.591 1.1226
1.592 1.11761
1.593 1.11264
1.594 1.10768
1.595 1.10274
1.596 1.09781
1.597 1.0929
1.598 1.08801
1.599 1.08313
1.6 1.07828
1.601 1.07345
1.602 1.06864
1.603 1.06384
1.604 1.05907
1.605 1.05433
1.606 1.0496
1.607 1.0449
1.608 1.04023
1.609 1.03557
1.61 1.03094
1.611 1.02634
1.612 1.02176
1.613 1.01721
1.614 1.01268
1.615 1.00818
1.616 1.00371
1.617 0.99926
1.618 0.994839
1.619 0.990445
1.62 0.986078
1.621 0.981738
1.622 0.977426
1.623 0.973142
1.624 0.968885
1.625 0.964656
1.626 0.960455
1.627 0.956281
1.628 0.952136
1.629 0.948019
1.63 0.94393
1.631 0.939869
1.632 0.935836
1.633 0.931832
1.634 0.927855
1.635 0.923907
1.636 0.919986
1.637 0.916094
1.638 0.91223
1.639 0.908393
1.64 0.904585
1.641 0.900804
1.642 0.897051
1.643 0.893326
1.644 0.889628
1.645 0.885958
1.646 0.882315
1.647 0.8787
1.648 0.875112
1.649 0.87155
1.65 0.868016
1.651 0.864509
1.652 0.861028
1.653 0.857574
1.654 0.854147
1.655 0.850746
1.656 0.847371
1.657 0.844022
1.658 0.840699
1.659 0.837401
1.66 0.83413
1.661 0.830884
1.662 0.827663
1.663 0.824467
1.664 0.821297
1.665 0.818151
1.666 0.81503
1.667 0.811934
1.668 0.808862
1.669 0.805814
1.67 0.80279
1.671 0.79979
1.672 0.796814
1.673 0.793861
1.674 0.790932
1.675 0.788026
1.676 0.785144
1.677 0.782284
1.678 0.779447
1.679 0.776632
1.68 0.77384
1.681 0.77107
1.682 0.768322
1.683 0.765597
1.684 0.762893
1.685 0.76021
1.686 0.757549
1.687 0.754909
1.688 0.75229
1.689 0.749693
1.69 0.747116
1.691 0.744559
1.692 0.742024
1.693 0.739508
1.694 0.737012
1.695 0.734537
1.696 0.732081
1.697 0.729645
1.698 0.727229
1.699 0.724832
1.7 0.722454
1.701 0.720095
1.702 0.717755
1.703 0.715433
1.704 0.713131
1.705 0.710846
1.706 0.70858
1.707 0.706332
1.708 0.704102
1.709 0.70189
1.71 0.699696
1.711 0.697519
1.712 0.695359
1.713 0.693217
1.714 0.691092
1.715 0.688984
1.716 0.686893
1.717 0.684818
1.718 0.68276
1.719 0.680719
1.72 0.678693
1.721 0.676684
1.722 0.674691
1.723 0.672714
1.724 0.670752
1.725 0.668807
1.726 0.666876
1.727 0.664961
1.728 0.663062
1.729 0.661177
1.73 0.659308
1.731 0.657453
1.732 0.655613
1.733 0.653788
1.734 0.651977
1.735 0.650181
1.736 0.648399
1.737 0.646631
1.738 0.644877
1.739 0.643137
1.74 0.641411
1.741 0.639699
1.742 0.638
1.743 0.636315
1.744 0.634643
1.745 0.632985
1.746 0.631339
1.747 0.629707
1.748 0.628088
1.749 0.626481
1.75 0.624887
1.751 0.623306
1.752 0.621738
1.753 0.620182
1.754 0.618638
1.755 0.617107
1.756 0.615587
1.757 0.61408
1.758 0.612585
1.759 0.611102
1.76 0.60963
1.761 0.60817
1.762 0.606722
1.763 0.605285
1.764 0.60386
1.765 0.602446
1.766 0.601043
1.767 0.599651
1.768 0.598271
1.769 0.596901
1.77 0.595542
1.771 0.594195
1.772 0.592858
1.773 0.591531
1.774 0.590215
1.775 0.58891
1.776 0.587615
1.777 0.58633
1.778 0.585056
1.779 0.583792
1.78 0.582538
1.781 0.581294
1.782 0.58006
1.783 0.578836
1.784 0.577621
1.785 0.576417
1.786 0.575222
1.787 0.574037
1.788 0.572861
1.789 0.571695
1.79 0.570538
1.791 0.56939
1.792 0.568252
1.793 0.567123
1.794 0.566003
1.795 0.564892
1.796 0.56379
1.797 0.562697
1.798 0.561613
1.799 0.560537
1.8 0.559471
1.801 0.558413
1.802 0.557364
1.803 0.556323
1.804 0.555291
1.805 0.554267
1.806 0.553252
1.807 0.552245
1.808 0.551246
1.809 0.550256
1.81 0.549274
1.811 0.548299
1.812 0.547333
1.813 0.546375
1.814 0.545425
1.815 0.544483
1.816 0.543549
1.817 0.542622
1.818 0.541703
1.819 0.540792
1.82 0.539889
1.821 0.538993
1.822 0.538104
1.823 0.537224
1.824 0.53635
1.825 0.535484
1.826 0.534626
1.827 0.533774
1.828 0.53293
1.829 0.532094
1.83 0.531264
1.831 0.530442
1.832 0.529626
1.833 0.528818
1.834 0.528017
1.835 0.527222
1.836 0.526435
1.837 0.525654
1.838 0.524881
1.839 0.524114
1.84 0.523354
1.841 0.5226
1.842 0.521854
1.843 0.521114
1.844 0.52038
1.845 0.519653
1.846 0.518933
1.847 0.518219
1.848 0.517512
1.849 0.516811
1.85 0.516116
1.851 0.515428
1.852 0.514746
1.853 0.51407
1.854 0.513401
1.855 0.512737
1.856 0.51208
1.857 0.51143
1.858 0.510785
1.859 0.510146
1.86 0.509513
1.861 0.508887
1.862 0.508266
1.863 0.507651
1.864 0.507043
1.865 0.50644
1.866 0.505843
1.867 0.505252
1.868 0.504666
1.869 0.504087
1.87 0.503513
1.871 0.502945
1.872 0.502382
1.873 0.501825
1.874 0.501274
1.875 0.500729
1.876 0.500189
1.877 0.499654
1.878 0.499125
1.879 0.498602
1.88 0.498084
1.881 0.497571
1.882 0.497064
1.883 0.496563
1.884 0.496067
1.885 0.495576
1.886 0.49509
1.887 0.49461
1.888 0.494135
1.889 0.493665
1.89 0.493201
1.891 0.492741
1.892 0.492287
1.893 0.491838
1.894 0.491395
1.895 0.490956
1.896 0.490523
1.897 0.490094
1.898 0.489671
1.899 0.489253
1.9 0.488839
1.901 0.488431
1.902 0.488028
1.903 0.487629
1.904 0.487236
1.905 0.486848
1.906 0.486464
1.907 0.486086
1.908 0.485712
1.909 0.485343
1.91 0.484979
1.911 0.48462
1.912 0.484265
1.913 0.483916
1.914 0.483571
1.915 0.483231
1.916 0.482896
1.917 0.482565
1.918 0.482239
1.919 0.481918
1.92 0.481601
1.921 0.48129
1.922 0.480982
1.923 0.48068
1.924 0.480382
1.925 0.480089
1.926 0.4798
1.927 0.479516
1.928 0.479236
1.929 0.478961
1.93 0.478691
1.931 0.478425
1.932 0.478163
1.933 0.477906
1.934 0.477654
1.935 0.477406
1.936 0.477163
1.937 0.476924
1.938 0.476689
1.939 0.476459
1.94 0.476233
1.941 0.476012
1.942 0.475795
1.943 0.475582
1.944 0.475374
1.945 0.475171
1.946 0.474971
1.947 0.474776
1.948 0.474585
1.949 0.474399
1.95 0.474217
1.951 0.474039
1.952 0.473866
1.953 0.473697
1.954 0.473532
1.955 0.473371
1.956 0.473215
1.957 0.473063
1.958 0.472915
1.959 0.472772
1.96 0.472633
1.961 0.472498
1.962 0.472367
1.963 0.47224
1.964 0.472118
1.965 0.472
1.966 0.471886
1.967 0.471776
1.968 0.471671
1.969 0.471569
1.97 0.471472
1.971 0.471379
1.972 0.47129
1.973 0.471206
1.974 0.471125
1.975 0.471049
1.976 0.470977
1.977 0.470909
1.978 0.470845
1.979 0.470785
1.98 0.470729
1.981 0.470678
1.982 0.470631
1.983 0.470587
1.984 0.470548
1.985 0.470513
1.986 0.470482
1.987 0.470456
1.988 0.470433
1.989 0.470415
1.99 0.4704
1.991 0.47039
1.992 0.470384
1.993 0.470382
1.994 0.470384
1.995 0.47039
1.996 0.4704
1.997 0.470414
1.998 0.470432
1.999 0.470455
2 0.470481
2.001 0.470512
2.002 0.470547
2.003 0.470586
2.004 0.470629
2.005 0.470676
2.006 0.470727
2.007 0.470782
2.008 0.470841
2.009 0.470905
2.01 0.470972
2.011 0.471044
2.012 0.47112
2.013 0.4712
2.014 0.471283
2.015 0.471372
2.016 0.471464
2.017 0.47156
2.018 0.47166
2.019 0.471765
2.02 0.471873
2.021 0.471986
2.022 0.472103
2.023 0.472224
2.024 0.472349
2.025 0.472478
2.026 0.472612
2.027 0.472749
2.028 0.472891
2.029 0.473037
2.03 0.473186
2.031 0.473341
2.032 0.473499
2.033 0.473661
2.034 0.473828
2.035 0.473999
2.036 0.474174
2.037 0.474353
2.038 0.474536
2.039 0.474724
2.04 0.474915
2.041 0.475111
2.042 0.475312
2.043 0.475516
2.044 0.475725
2.045 0.475938
2.046 0.476155
2.047 0.476376
2.048 0.476602
2.049 0.476832
2.05 0.477066
2.051 0.477304
2.052 0.477547
2.053 0.477794
2.054 0.478045
2.055 0.478301
2.056 0.478561
2.057 0.478825
2.058 0.479094
2.059 0.479367
2.06 0.479644
2.061 0.479926
2.062 0.480212
2.063 0.480503
2.064 0.480798
2.065 0.481097
2.066 0.481401
2.067 0.481709
2.068 0.482021
2.069 0.482338
2.07 0.48266
2.071 0.482986
2.072 0.483316
2.073 0.483651
2.074 0.483991
2.075 0.484335
2.076 0.484683
2.077 0.485036
2.078 0.485394
2.079 0.485756
2.08 0.486123
2.081 0.486494
2.082 0.48687
2.083 0.487251
2.084 0.487636
2.085 0.488026
2.086 0.48842
2.087 0.48882
2.088 0.489224
2.089 0.489632
2.09 0.490046
2.091 0.490464
2.092 0.490887
2.093 0.491314
2.094 0.491747
2.095 0.492184
2.096 0.492626
2.097 0.493073
2.098 0.493525
2.099 0.493981
2.1 0.494443
2.101 0.494909
2.102 0.49538
2.103 0.495857
2.104 0.496338
2.105 0.496824
2.106 0.497315
2.107 0.497811
2.108 0.498312
2.109 0.498819
2.11 0.49933
2.111 0.499846
2.112 0.500368
2.113 0.500895
2.114 0.501426
2.115 0.501963
2.116 0.502505
2.117 0.503053
2.118 0.503605
2.119 0.504163
2.12 0.504726
2.121 0.505295
2.122 0.505869
2.123 0.506448
2.124 0.507032
2.125 0.507622
2.126 0.508217
2.127 0.508818
2.128 0.509424
2.129 0.510035
2.13 0.510653
2.131 0.511275
2.132 0.511903
2.133 0.512537
2.134 0.513176
2.135 0.513821
2.136 0.514472
2.137 0.515128
2.138 0.51579
2.139 0.516458
2.14 0.517132
2.141 0.517811
2.142 0.518496
2.143 0.519187
2.144 0.519884
2.145 0.520587
2.146 0.521295
2.147 0.52201
2.148 0.522731
2.149 0.523457
2.15 0.52419
2.151 0.524929
2.152 0.525673
2.153 0.526424
2.154 0.527182
2.155 0.527945
2.156 0.528714
2.157 0.52949
2.158 0.530272
2.159 0.531061
2.16 0.531856
2.161 0.532657
2.162 0.533464
2.163 0.534279
2.164 0.535099
2.165 0.535926
2.166 0.53676
2.167 0.5376
2.168 0.538447
2.169 0.539301
2.17 0.540161
2.171 0.541028
2.172 0.541902
2.173 0.542782
2.174 0.54367
2.175 0.544564
2.176 0.545466
2.177 0.546374
2.178 0.547289
2.179 0.548212
2.18 0.549141
2.181 0.550078
2.182 0.551021
2.183 0.551972
2.184 0.55293
2.185 0.553896
2.186 0.554869
2.187 0.555849
2.188 0.556837
2.189 0.557832
2.19 0.558834
2.191 0.559844
2.192 0.560862
2.193 0.561888
2.194 0.562921
2.195 0.563962
2.196 0.56501
2.197 0.566067
2.198 0.567131
2.199 0.568203
2.2 0.569283
2.201 0.570372
2.202 0.571468
2.203 0.572572
2.204 0.573685
2.205 0.574806
2.206 0.575935
2.207 0.577072
2.208 0.578218
2.209 0.579372
2.21 0.580535
2.211 0.581706
2.212 0.582886
2.213 0.584074
2.214 0.585272
2.215 0.586477
2.216 0.587692
2.217 0.588916
2.218 0.590148
2.219 0.591389
2.22 0.59264
2.221 0.5939
2.222 0.595168
2.223 0.596446
2.224 0.597733
2.225 0.59903
2.226 0.600336
2.227 0.601651
2.228 0.602976
2.229 0.60431
2.23 0.605654
2.231 0.607008
2.232 0.608372
2.233 0.609745
2.234 0.611128
2.235 0.612521
2.236 0.613924
2.237 0.615338
2.238 0.616761
2.239 0.618195
2.24 0.619639
2.241 0.621093
2.242 0.622558
2.243 0.624033
2.244 0.625519
2.245 0.627015
2.246 0.628522
2.247 0.63004
2.248 0.631569
2.249 0.633109
2.25 0.634659
2.251 0.636221
2.252 0.637794
2.253 0.639378
2.254 0.640974
2.255 0.642581
2.256 0.644199
2.257 0.645829
2.258 0.64747
2.259 0.649123
2.26 0.650788
2.261 0.652465
2.262 0.654154
2.263 0.655854
2.264 0.657567
2.265 0.659292
2.266 0.661029
2.267 0.662779
2.268 0.664541
2.269 0.666315
2.27 0.668102
2.271 0.669902
2.272 0.671714
2.273 0.67354
2.274 0.675378
2.275 0.677229
2.276 0.679094
2.277 0.680972
2.278 0.682863
2.279 0.684767
2.28 0.686685
2.281 0.688616
2.282 0.690561
2.283 0.69252
2.284 0.694492
2.285 0.696479
2.286 0.69848
2.287 0.700494
2.288 0.702523
2.289 0.704566
2.29 0.706624
2.291 0.708696
2.292 0.710783
2.293 0.712884
2.294 0.715
2.295 0.717132
2.296 0.719278
2.297 0.721439
2.298 0.723615
2.299 0.725807
2.3 0.728014
2.301 0.730236
2.302 0.732474
2.303 0.734728
2.304 0.736997
2.305 0.739283
2.306 0.741584
2.307 0.743902
2.308 0.746235
2.309 0.748585
2.31 0.750951
2.311 0.753334
2.312 0.755733
2.313 0.758149
2.314 0.760582
2.315 0.763032
2.316 0.765498
2.317 0.767982
2.318 0.770483
2.319 0.773001
2.32 0.775536
2.321 0.778089
2.322 0.78066
2.323 0.783248
2.324 0.785854
2.325 0.788478
2.326 0.79112
2.327 0.79378
2.328 0.796458
2.329 0.799154
2.33 0.801869
2.331 0.804602
2.332 0.807354
2.333 0.810124
2.334 0.812913
2.335 0.815721
2.336 0.818548
2.337 0.821393
2.338 0.824258
2.339 0.827142
2.34 0.830045
2.341 0.832968
2.342 0.835909
2.343 0.838871
2.344 0.841852
2.345 0.844852
2.346 0.847872
2.347 0.850912
2.348 0.853972
2.349 0.857052
2.35 0.860152
2.351 0.863271
2.352 0.866411
2.353 0.869571
2.354 0.872752
2.355 0.875952
2.356 0.879173
2.357 0.882414
2.358 0.885675
2.359 0.888957
2.36 0.89226
2.361 0.895582
2.362 0.898926
2.363 0.90229
2.364 0.905674
2.365 0.909079
2.366 0.912505
2.367 0.915951
2.368 0.919417
2.369 0.922905
2.37 0.926413
2.371 0.929941
2.372 0.93349
2.373 0.937059
2.374 0.940649
2.375 0.944259
2.376 0.94789
2.377 0.951541
2.378 0.955212
2.379 0.958903
2.38 0.962614
2.381 0.966346
2.382 0.970097
2.383 0.973868
2.384 0.977659
2.385 0.98147
2.386 0.9853
2.387 0.989149
2.388 0.993017
2.389 0.996905
2.39 1.00081
2.391 1.00474
2.392 1.00868
2.393 1.01264
2.394 1.01662
2.395 1.02062
2.396 1.02463
2.397 1.02867
2.398 1.03272
2.399 1.03678
2.4 1.04087
2.401 1.04497
2.402 1.04908
2.403 1.05321
2.404 1.05736
2.405 1.06152
2.406 1.0657
2.407 1.06989
2.408 1.07409
2.409 1.07831
2.41 1.08254
2.411 1.08678
2.412 1.09104
2.413 1.0953
2.414 1.09958
2.415 1.10387
2.416 1.10817
2.417 1.11247
2.418 1.11679
2.419 1.12111
2.42 1.12544
2.421 1.12978
2.422 1.13413
2.423 1.13848
2.424 1.14283
2.425 1.14719
2.426 1.15156
2.427 1.15592
2.428 1.16029
2.429 1.16466
2.43 1.16903
2.431 1.17339
2.432 1.17776
2.433 1.18213
2.434 1.18649
2.435 1.19084
2.436 1.1952
2.437 1.19954
2.438 1.20388
2.439 1.20821
2.44 1.21253
2.441 1.21684
2.442 1.22114
2.443 1.22542
2.444 1.22969
2.445 1.23395
2.446 1.23819
2.447 1.24242
2.448 1.24662
2.449 1.25081
2.45 1.25497
2.451 1.25911
2.452 1.26323
2.453 1.26732
2.454 1.27139
2.455 1.27543
2.456 1.27944
2.457 1.28342
2.458 1.28736
2.459 1.29128
2.46 1.29515
2.461 1.299
2.462 1.3028
2.463 1.30657
2.464 1.31029
2.465 1.31397
2.466 1.31761
2.467 1.32121
2.468 1.32475
2.469 1.32825
2.47 1.3317
2.471 1.3351
2.472 1.33845
2.473 1.34174
2.474 1.34497
2.475 1.34815
2.476 1.35127
2.477 1.35433
2.478 1.35733
2.479 1.36027
2.48 1.36314
2.481 1.36594
2.482 1.36868
2.483 1.37135
2.484 1.37395
2.485 1.37648
2.486 1.37894
2.487 1.38132
2.488 1.38363
2.489 1.38586
2.49 1.38801
2.491 1.39009
2.492 1.39208
2.493 1.394
2.494 1.39583
2.495 1.39759
2.496 1.39925
2.497 1.40084
2.498 1.40234
2.499 1.40375
2.5 1.40507
2.501 1.40631
2.502 1.40746
2.503 1.40852
2.504 1.40949
2.505 1.41037
2.506 1.41116
2.507 1.41187
2.508 1.41248
2.509 1.41299
2.51 1.41342
2.511 1.41376
2.512 1.414
2.513 1.41415
2.514 1.41421
2.515 1.41418
2.516 1.41406
2.517 1.41384
2.518 1.41354
2.519 1.41314
2.52 1.41266
2.521 1.41208
2.522 1.41141
2.523 1.41066
2.524 1.40981
2.525 1.40888
2.526 1.40786
2.527 1.40676
2.528 1.40556
2.529 1.40429
2.53 1.40293
2.531 1.40148
2.532 1.39996
2.533 1.39835
2.534 1.39666
2.535 1.3949
2.536 1.39305
2.537 1.39113
2.538 1.38913
2.539 1.38706
2.54 1.38491
2.541 1.3827
2.542 1.38041
2.543 1.37805
2.544 1.37563
2.545 1.37313
2.546 1.37057
2.547 1.36795
2.548 1.36527
2.549 1.36252
2.55 1.35972
2.551 1.35685
2.552 1.35393
2.553 1.35095
2.554 1.34792
2.555 1.34484
2.556 1.34171
2.557 1.33852
2.558 1.33529
2.559 1.33201
2.56 1.32869
2.561 1.32532
2.562 1.32191
2.563 1.31846
2.564 1.31497
2.565 1.31144
2.566 1.30788
2.567 1.30428
2.568 1.30065
2.569 1.29698
2.57 1.29329
2.571 1.28956
2.572 1.28581
2.573 1.28203
2.574 1.27822
2.575 1.27439
2.576 1.27053
2.577 1.26666
2.578 1.26276
2.579 1.25885
2.58 1.25491
2.581 1.25096
2.582 1.247
2.583 1.24302
2.584 1.23902
2.585 1.23501
2.586 1.231
2.587 1.22697
2.588 1.22293
2.589 1.21888
2.59 1.21483
2.591 1.21077
2.592 1.20671
2.593 1.20264
2.594 1.19856
2.595 1.19449
2.596 1.19041
2.597 1.18633
2.598 1.18225
2.599 1.17817
2.6 1.1741
2.601 1.17002
2.602 1.16595
2.603 1.16188
2.604 1.15782
2.605 1.15376
2.606 1.1497
2.607 1.14566
2.608 1.14161
2.609 1.13758
2.61 1.13356
2.611 1.12954
2.612 1.12553
2.613 1.12153
2.614 1.11754
2.615 1.11356
2.616 1.1096
2.617 1.10564
2.618 1.1017
2.619 1.09776
2.62 1.09384
2.621 1.08994
2.622 1.08604
2.623 1.08216
2.624 1.0783
2.625 1.07445
2.626 1.07061
2.627 1.06679
2.628 1.06298
2.629 1.05919
2.63 1.05542
2.631 1.05166
2.632 1.04792
2.633 1.04419
2.634 1.04048
2.635 1.03679
2.636 1.03312
2.637 1.02946
2.638 1.02582
2.639 1.0222
2.64 1.01859
2.641 1.015
2.642 1.01144
2.643 1.00789
2.644 1.00435
2.645 1.00084
2.646 0.997343
2.647 0.993866
2.648 0.990408
2.649 0.986969
2.65 0.983548
2.651 0.980147
2.652 0.976764
2.653 0.9734
2.654 0.970056
2.655 0.96673
2.656 0.963423
2.657 0.960136
2.658 0.956868
2.659 0.953619
2.66 0.950389
2.661 0.947179
2.662 0.943988
2.663 0.940815
2.664 0.937663
2.665 0.934529
2.666 0.931414
2.667 0.928319
2.668 0.925243
2.669 0.922186
2.67 0.919148
2.671 0.916129
2.672 0.913129
2.673 0.910148
2.674 0.907186
2.675 0.904243
2.676 0.901318
2.677 0.898413
2.678 0.895526
2.679 0.892658
2.68 0.889808
2.681 0.886978
2.682 0.884165
2.683 0.881371
2.684 0.878596
2.685 0.875839
2.686 0.8731
2.687 0.870379
2.688 0.867676
2.689 0.864992
2.69 0.862325
2.691 0.859676
2.692 0.857045
2.693 0.854432
2.694 0.851836
2.695 0.849258
2.696 0.846698
2.697 0.844155
2.698 0.841629
2.699 0.83912
2.7 0.836629
2.701 0.834155
2.702 0.831697
2.703 0.829257
2.704 0.826833
2.705 0.824426
2.706 0.822036
2.707 0.819662
2.708 0.817305
2.709 0.814964
2.71 0.812639
2.711 0.810331
2.712 0.808039
2.713 0.805762
2.714 0.803502
2.715 0.801257
2.716 0.799029
2.717 0.796815
2.718 0.794618
2.719 0.792436
2.72 0.790269
2.721 0.788117
2.722 0.785981
2.723 0.78386
2.724 0.781754
2.725 0.779663
2.726 0.777586
2.727 0.775525
2.728 0.773478
2.729 0.771445
2.73 0.769427
2.731 0.767424
2.732 0.765435
2.733 0.76346
2.734 0.761499
2.735 0.759552
2.736 0.757619
2.737 0.7557
2.738 0.753795
2.739 0.751903
2.74 0.750025
2.741 0.748161
2.742 0.746309
2.743 0.744472
2.744 0.742647
2.745 0.740836
2.746 0.739038
2.747 0.737253
2.748 0.735481
2.749 0.733721
2.75 0.731975
2.751 0.730241
2.752 0.72852
2.753 0.726811
2.754 0.725115
2.755 0.723431
2.756 0.721759
2.757 0.7201
2.758 0.718452
2.759 0.716817
2.76 0.715194
2.761 0.713582
2.762 0.711983
2.763 0.710395
2.764 0.708819
2.765 0.707254
2.766 0.705701
2.767 0.70416
2.768 0.702629
2.769 0.70111
2.77 0.699603
2.771 0.698106
2.772 0.696621
2.773 0.695147
2.774 0.693683
2.775 0.69223
2.776 0.690789
2.777 0.689358
2.778 0.687937
2.779 0.686528
2.78 0.685128
2.781 0.68374
2.782 0.682361
2.783 0.680993
2.784 0.679636
2.785 0.678288
2.786 0.676951
2.787 0.675624
2.788 0.674307
2.789 0.672999
2.79 0.671702
2.791 0.670415
2.792 0.669137
2.793 0.667869
2.794 0.66661
2.795 0.665362
2.796 0.664123
2.797 0.662893
2.798 0.661673
2.799 0.660462
2.8 0.65926
2.801 0.658068
2.802 0.656884
2.803 0.65571
2.804 0.654545
2.805 0.65339
2.806 0.652243
2.807 0.651105
2.808 0.649976
2.809 0.648855
2.81 0.647744
2.811 0.646641
2.812 0.645547
2.813 0.644461
2.814 0.643384
2.815 0.642316
2.816 0.641256
2.817 0.640204
2.818 0.639161
2.819 0.638126
2.82 0.6371
2.821 0.636081
2.822 0.635071
2.823 0.634069
2.824 0.633075
2.825 0.632089
2.826 0.631111
2.827 0.630141
2.828 0.629179
2.829 0.628225
2.83 0.627278
2.831 0.62634
2.832 0.625409
2.833 0.624486
2.834 0.62357
2.835 0.622662
2.836 0.621762
2.837 0.620869
2.838 0.619983
2.839 0.619105
2.84 0.618235
2.841 0.617372
2.842 0.616516
2.843 0.615667
2.844 0.614826
2.845 0.613992
2.846 0.613165
2.847 0.612345
2.848 0.611533
2.849 0.610727
2.85 0.609928
2.851 0.609137
2.852 0.608352
2.853 0.607575
2.854 0.606804
2.855 0.60604
2.856 0.605283
2.857 0.604532
2.858 0.603789
2.859 0.603052
2.86 0.602322
2.861 0.601598
2.862 0.600881
2.863 0.600171
2.864 0.599467
2.865 0.59877
2.866 0.598079
2.867 0.597395
2.868 0.596717
2.869 0.596046
2.87 0.595381
2.871 0.594722
2.872 0.59407
2.873 0.593424
2.874 0.592784
2.875 0.592151
2.876 0.591523
2.877 0.590902
2.878 0.590287
2.879 0.589678
2.88 0.589076
2.881 0.588479
2.882 0.587889
2.883 0.587304
2.884 0.586725
2.885 0.586153
2.886 0.585586
2.887 0.585025
2.888 0.584471
2.889 0.583922
2.89 0.583379
2.891 0.582841
2.892 0.58231
2.893 0.581784
2.894 0.581265
2.895 0.58075
2.896 0.580242
2.897 0.579739
2.898 0.579242
2.899 0.578751
2.9 0.578265
2.901 0.577785
2.902 0.57731
2.903 0.576842
2.904 0.576378
2.905 0.57592
2.906 0.575468
2.907 0.575021
2.908 0.57458
2.909 0.574144
2.91 0.573713
2.911 0.573288
2.912 0.572868
2.913 0.572454
2.914 0.572045
2.915 0.571642
2.916 0.571243
2.917 0.57085
2.918 0.570463
2.919 0.57008
2.92 0.569703
2.921 0.569331
2.922 0.568965
2.923 0.568603
2.924 0.568247
2.925 0.567896
2.926 0.56755
2.927 0.56721
2.928 0.566874
2.929 0.566544
2.93 0.566218
2.931 0.565898
2.932 0.565583
2.933 0.565273
2.934 0.564968
2.935 0.564668
2.936 0.564373
2.937 0.564083
2.938 0.563798
2.939 0.563518
2.94 0.563243
2.941 0.562973
2.942 0.562708
2.943 0.562448
2.944 0.562193
2.945 0.561943
2.946 0.561698
2.947 0.561457
2.948 0.561222
2.949 0.560991
2.95 0.560765
2.951 0.560545
2.952 0.560329
2.953 0.560117
2.954 0.559911
2.955 0.559709
2.956 0.559513
2.957 0.559321
2.958 0.559134
2.959 0.558951
2.96 0.558774
2.961 0.558601
2.962 0.558433
2.963 0.55827
2.964 0.558111
2.965 0.557957
2.966 0.557808
2.967 0.557664
2.968 0.557524
2.969 0.557389
2.97 0.557259
2.971 0.557134
2.972 0.557013
2.973 0.556897
2.974 0.556785
2.975 0.556678
2.976 0.556576
2.977 0.556479
2.978 0.556386
2.979 0.556298
2.98 0.556214
2.981 0.556136
2.982 0.556061
2.983 0.555992
2.984 0.555927
2.985 0.555866
2.986 0.555811
2.987 0.55576
2.988 0.555713
2.989 0.555671
2.99 0.555634
2.991 0.555601
2.992 0.555573
2.993 0.55555
2.994 0.555531
2.995 0.555517
2.996 0.555507
2.997 0.555502
2.998 0.555502
2.999 0.555506
3 0.555514
3.001 0.555528
3.002 0.555545
3.003 0.555568
3.004 0.555595
3.005 0.555626
3.006 0.555663
3.007 0.555703
3.008 0.555749
3.009 0.555799
3.01 0.555853
3.011 0.555912
3.012 0.555976
3.013 0.556044
3.014 0.556117
3.015 0.556194
3.016 0.556276
3.017 0.556363
3.018 0.556454
3.019 0.556549
3.02 0.55665
3.021 0.556755
3.022 0.556864
3.023 0.556978
3.024 0.557097
3.025 0.55722
3.026 0.557348
3.027 0.55748
3.028 0.557618
3.029 0.557759
3.03 0.557906
3.031 0.558056
3.032 0.558212
3.033 0.558372
3.034 0.558537
3.035 0.558706
3.036 0.55888
3.037 0.559059
3.038 0.559243
3.039 0.559431
3.04 0.559623
3.041 0.559821
3.042 0.560023
3.043 0.560229
3.044 0.560441
3.045 0.560657
3.046 0.560877
3.047 0.561103
3.048 0.561333
3.049 0.561568
3.05 0.561807
3.051 0.562051
3.052 0.5623
3.053 0.562554
3.054 0.562813
3.055 0.563076
3.056 0.563344
3.057 0.563617
3.058 0.563894
3.059 0.564176
3.06 0.564463
3.061 0.564755
3.062 0.565052
3.063 0.565353
3.064 0.56566
3.065 0.565971
3.066 0.566287
3.067 0.566608
3.068 0.566934
3.069 0.567264
3.07 0.5676
3.071 0.56794
3.072 0.568285
3.073 0.568635
3.074 0.568991
3.075 0.569351
3.076 0.569716
3.077 0.570086
3.078 0.570461
3.079 0.57084
3.08 0.571225
3.081 0.571615
3.082 0.57201
3.083 0.57241
3.084 0.572815
3.085 0.573225
3.086 0.57364
3.087 0.57406
3.088 0.574486
3.089 0.574916
3.09 0.575352
3.091 0.575792
3.092 0.576238
3.093 0.576689
3.094 0.577145
3.095 0.577606
3.096 0.578073
3.097 0.578545
3.098 0.579022
3.099 0.579504
3.1 0.579992
3.101 0.580484
3.102 0.580982
3.103 0.581486
3.104 0.581995
3.105 0.582509
3.106 0.583028
3.107 0.583553
3.108 0.584083
3.109 0.584619
3.11 0.58516
3.111 0.585707
3.112 0.586259
3.113 0.586816
3.114 0.587379
3.115 0.587948
3.116 0.588522
3.117 0.589101
3.118 0.589687
3.119 0.590277
3.12 0.590874
3.121 0.591476
3.122 0.592084
3.123 0.592697
3.124 0.593316
3.125 0.593941
3.126 0.594572
3.127 0.595208
3.128 0.59585
3.129 0.596498
3.13 0.597152
3.131 0.597812
3.132 0.598477
3.133 0.599149
3.134 0.599826
3.135 0.60051
3.136 0.601199
3.137 0.601894
3.138 0.602595
3.139 0.603303
3.14 0.604016
3.141 0.604736
3.142 0.605461
3.143 0.606193
3.144 0.606931
3.145 0.607675
3.146 0.608425
3.147 0.609182
3.148 0.609945
3.149 0.610714
3.15 0.611489
3.151 0.612271
3.152 0.613059
3.153 0.613853
3.154 0.614654
3.155 0.615462
3.156 0.616276
3.157 0.617096
3.158 0.617923
3.159 0.618757
3.16 0.619597
3.161 0.620443
3.162 0.621297
3.163 0.622157
3.164 0.623024
3.165 0.623897
3.166 0.624778
3.167 0.625665
3.168 0.626559
3.169 0.62746
3.17 0.628367
3.171 0.629282
3.172 0.630204
3.173 0.631133
3.174 0.632068
3.175 0.633011
3.176 0.633961
3.177 0.634918
3.178 0.635882
3.179 0.636854
3.18 0.637832
3.181 0.638818
3.182 0.639811
3.183 0.640812
3.184 0.64182
3.185 0.642835
3.186 0.643858
3.187 0.644888
3.188 0.645926
3.189 0.646972
3.19 0.648025
3.191 0.649085
3.192 0.650154
3.193 0.65123
3.194 0.652313
3.195 0.653405
3.196 0.654504
3.197 0.655612
3.198 0.656727
3.199 0.65785
3.2 0.658981
3.201 0.66012
3.202 0.661268
3.203 0.662423
3.204 0.663587
3.205 0.664758
3.206 0.665938
3.207 0.667127
3.208 0.668323
3.209 0.669528
3.21 0.670742
3.211 0.671964
3.212 0.673194
3.213 0.674433
3.214 0.67568
3.215 0.676936
3.216 0.678201
3.217 0.679475
3.218 0.680757
3.219 0.682048
3.22 0.683348
3.221 0.684657
3.222 0.685975
3.223 0.687302
3.224 0.688638
3.225 0.689983
3.226 0.691337
3.227 0.692701
3.228 0.694074
3.229 0.695455
3.23 0.696847
3.231 0.698248
3.232 0.699658
3.233 0.701078
3.234 0.702507
3.235 0.703946
3.236 0.705394
3.237 0.706852
3.238 0.70832
3.239 0.709798
3.24 0.711286
3.241 0.712783
3.242 0.714291
3.243 0.715809
3.244 0.717336
3.245 0.718874
3.246 0.720422
3.247 0.72198
3.248 0.723549
3.249 0.725128
3.25 0.726717
3.251 0.728317
3.252 0.729927
3.253 0.731548
3.254 0.733179
3.255 0.734821
3.256 0.736474
3.257 0.738138
3.258 0.739813
3.259 0.741498
3.26 0.743194
3.261 0.744902
3.262 0.74662
3.263 0.74835
3.264 0.750091
3.265 0.751843
3.266 0.753607
3.267 0.755381
3.268 0.757168
3.269 0.758966
3.27 0.760775
3.271 0.762596
3.272 0.764428
3.273 0.766273
3.274 0.768129
3.275 0.769997
3.276 0.771877
3.277 0.773769
3.278 0.775673
3.279 0.777589
3.28 0.779517
3.281 0.781457
3.282 0.78341
3.283 0.785375
3.284 0.787352
3.285 0.789342
3.286 0.791344
3.287 0.793359
3.288 0.795386
3.289 0.797426
3.29 0.799479
3.291 0.801545
3.292 0.803624
3.293 0.805715
3.294 0.807819
3.295 0.809937
3.296 0.812067
3.297 0.814211
3.298 0.816368
3.299 0.818538
3.3 0.820722
3.301 0.822919
3.302 0.825129
3.303 0.827353
3.304 0.82959
3.305 0.831841
3.306 0.834105
3.307 0.836384
3.308 0.838676
3.309 0.840981
3.31 0.843301
3.311 0.845635
3.312 0.847982
3.313 0.850343
3.314 0.852719
3.315 0.855109
3.316 0.857512
3.317 0.85993
3.318 0.862363
3.319 0.864809
3.32 0.86727
3.321 0.869745
3.322 0.872235
3.323 0.874739
3.324 0.877257
3.325 0.87979
3.326 0.882338
3.327 0.8849
3.328 0.887476
3.329 0.890068
3.33 0.892674
3.331 0.895295
3.332 0.89793
3.333 0.90058
3.334 0.903245
3.335 0.905925
3.336 0.90862
3.337 0.911329
3.338 0.914054
3.339 0.916793
3.34 0.919547
3.341 0.922316
3.342 0.9251
3.343 0.927898
3.344 0.930712
3.345 0.93354
3.346 0.936384
3.347 0.939242
3.348 0.942115
3.349 0.945003
3.35 0.947906
3.351 0.950824
3.352 0.953756
3.353 0.956704
3.354 0.959666
3.355 0.962643
3.356 0.965634
3.357 0.96864
3.358 0.971661
3.359 0.974696
3.36 0.977746
3.361 0.98081
3.362 0.983889
3.363 0.986982
3.364 0.99009
3.365 0.993211
3.366 0.996347
3.367 0.999496
3.368 1.00266
3.369 1.00584
3.37 1.00903
3.371 1.01223
3.372 1.01545
3.373 1.01868
3.374 1.02193
3.375 1.02519
3.376 1.02846
3.377 1.03175
3.378 1.03504
3.379 1.03835
3.38 1.04168
3.381 1.04501
3.382 1.04836
3.383 1.05172
3.384 1.05509
3.385 1.05847
3.386 1.06187
3.387 1.06527
3.388 1.06869
3.389 1.07212
3.39 1.07555
3.391 1.079
3.392 1.08246
3.393 1.08593
3.394 1.08941
3.395 1.09289
3.396 1.09639
3.397 1.0999
3.398 1.10341
3.399 1.10693
3.4 1.11046
3.401 1.114
3.402 1.11754
3.403 1.1211
3.404 1.12465
3.405 1.12822
3.406 1.13179
3.407 1.13536
3.408 1.13895
3.409 1.14253
3.41 1.14612
3.411 1.14971
3.412 1.15331
3.413 1.15691
3.414 1.16051
3.415 1.16412
3.416 1.16772
3.417 1.17133
3.418 1.17494
3.419 1.17854
3.42 1.18215
3.421 1.18576
3.422 1.18936
3.423 1.19296
3.424 1.19656
3.425 1.20016
3.426 1.20375
3.427 1.20734
3.428 1.21092
3.429 1.2145
3.43 1.21807
3.431 1.22163
3.432 1.22519
3.433 1.22874
3.434 1.23227
3.435 1.2358
3.436 1.23932
3.437 1.24283
3.438 1.24632
3.439 1.24981
3.44 1.25327
3.441 1.25673
3.442 1.26017
3.443 1.26359
3.444 1.267
3.445 1.27039
3.446 1.27376
3.447 1.27712
3.448 1.28045
3.449 1.28376
3.45 1.28705
3.451 1.29032
3.452 1.29357
3.453 1.29679
3.454 1.29999
3.455 1.30316
3.456 1.3063
3.457 1.30942
3.458 1.31251
3.459 1.31557
3.46 1.31859
3.461 1.32159
3.462 1.32456
3.463 1.32749
3.464 1.33039
3.465 1.33325
3.466 1.33608
3.467 1.33887
3.468 1.34163
3.469 1.34434
3.47 1.34702
3.471 1.34965
3.472 1.35225
3.473 1.3548
3.474 1.35731
3.475 1.35978
3.476 1.3622
3.477 1.36457
3.478 1.3669
3.479 1.36919
3.48 1.37142
3.481 1.37361
3.482 1.37574
3.483 1.37783
3.484 1.37986
3.485 1.38184
3.486 1.38377
3.487 1.38565
3.488 1.38747
3.489 1.38924
3.49 1.39095
3.491 1.3926
3.492 1.3942
3.493 1.39574
3.494 1.39722
3.495 1.39865
3.496 1.40001
3.497 1.40131
3.498 1.40256
3.499 1.40374
3.5 1.40486
3.501 1.40592
3.502 1.40692
3.503 1.40785
3.504 1.40873
3.505 1.40954
3.506 1.41028
3.507 1.41096
3.508 1.41158
3.509 1.41213
3.51 1.41262
3.511 1.41304
3.512 1.4134
3.513 1.41369
3.514 1.41392
3.515 1.41408
3.516 1.41418
3.517 1.41421
3.518 1.41418
3.519 1.41408
3.52 1.41392
3.521 1.41369
3.522 1.4134
3.523 1.41304
3.524 1.41262
3.525 1.41214
3.526 1.41159
3.527 1.41098
3.528 1.4103
3.529 1.40956
3.53 1.40876
3.531 1.4079
3.532 1.40697
3.533 1.40599
3.534 1.40494
3.535 1.40383
3.536 1.40267
3.537 1.40144
3.538 1.40016
3.539 1.39881
3.54 1.39742
3.541 1.39596
3.542 1.39445
3.543 1.39288
3.544 1.39126
3.545 1.38958
3.546 1.38785
3.547 1.38607
3.548 1.38423
3.549 1.38235
3.55 1.38041
3.551 1.37843
3.552 1.37639
3.553 1.37431
3.554 1.37218
3.555 1.37001
3.556 1.36779
3.557 1.36552
3.558 1.36322
3.559 1.36086
3.56 1.35847
3.561 1.35604
3.562 1.35356
3.563 1.35105
3.564 1.3485
3.565 1.34591
3.566 1.34328
3.567 1.34062
3.568 1.33793
3.569 1.3352
3.57 1.33244
3.571 1.32964
3.572 1.32681
3.573 1.32396
3.574 1.32107
3.575 1.31816
3.576 1.31522
3.577 1.31225
3.578 1.30925
3.579 1.30623
3.58 1.30319
3.581 1.30012
3.582 1.29703
3.583 1.29392
3.584 1.29079
3.585 1.28764
3.586 1.28447
3.587 1.28128
3.588 1.27807
3.589 1.27485
3.59 1.27161
3.591 1.26835
3.592 1.26508
3.593 1.2618
3.594 1.2585
3.595 1.25519
3.596 1.25187
3.597 1.24854
3.598 1.2452
3.599 1.24185
3.6 1.23849
3.601 1.23512
3.602 1.23175
3.603 1.22836
3.604 1.22497
3.605 1.22158
3.606 1.21818
3.607 1.21478
3.608 1.21137
3.609 1.20796
3.61 1.20455
3.611 1.20113
3.612 1.19771
3.613 1.19429
3.614 1.19087
3.615 1.18746
3.616 1.18404
3.617 1.18062
3.618 1.1772
3.619 1.17379
3.62 1.17038
3.621 1.16697
3.622 1.16356
3.623 1.16016
3.624 1.15676
3.625 1.15336
3.626 1.14997
3.627 1.14659
3.628 1.14321
3.629 1.13983
3.63 1.13647
3.631 1.13311
3.632 1.12975
3.633 1.1264
3.634 1.12306
3.635 1.11973
3.636 1.11641
3.637 1.11309
3.638 1.10979
3.639 1.10649
3.64 1.1032
3.641 1.09992
3.642 1.09665
3.643 1.09339
3.644 1.09014
3.645 1.0869
3.646 1.08367
3.647 1.08045
3.648 1.07724
3.649 1.07404
3.65 1.07086
3.651 1.06768
3.652 1.06452
3.653 1.06137
3.654 1.05823
3.655 1.0551
3.656 1.05199
3.657 1.04889
3.658 1.0458
3.659 1.04272
3.66 1.03965
3.661 1.0366
3.662 1.03356
3.663 1.03054
3.664 1.02752
3.665 1.02452
3.666 1.02154
3.667 1.01856
3.668 1.0156
3.669 1.01266
3.67 1.00973
3.671 1.00681
3.672 1.0039
3.673 1.00101
3.674 0.998132
3.675 0.995268
3.676 0.992418
3.677 0.989582
3.678 0.98676
3.679 0.983952
3.68 0.981158
3.681 0.978378
3.682 0.975613
3.683 0.972861
3.684 0.970124
3.685 0.967401
3.686 0.964692
3.687 0.961997
3.688 0.959317
3.689 0.95665
3.69 0.953998
3.691 0.951361
3.692 0.948737
3.693 0.946128
3.694 0.943533
3.695 0.940952
3.696 0.938385
3.697 0.935832
3.698 0.933294
3.699 0.93077
3.7 0.92826
3.701 0.925764
3.702 0.923282
3.703 0.920814
3.704 0.918361
3.705 0.915921
3.706 0.913495
3.707 0.911084
3.708 0.908686
3.709 0.906302
3.71 0.903932
3.711 0.901576
3.712 0.899234
3.713 0.896905
3.714 0.894591
3.715 0.89229
3.716 0.890002
3.717 0.887729
3.718 0.885468
3.719 0.883222
3.72 0.880989
3.721 0.878769
3.722 0.876563
3.723 0.87437
3.724 0.87219
3.725 0.870024
3.726 0.867871
3.727 0.865731
3.728 0.863605
3.729 0.861491
3.73 0.85939
3.731 0.857303
3.732 0.855228
3.733 0.853166
3.734 0.851117
3.735 0.849081
3.736 0.847058
3.737 0.845047
3.738 0.843049
3.739 0.841064
3.74 0.839091
3.741 0.83713
3.742 0.835182
3.743 0.833246
3.744 0.831323
3.745 0.829412
3.746 0.827513
3.747 0.825626
3.748 0.823751
3.749 0.821888
3.75 0.820038
3.751 0.818199
3.752 0.816372
3.753 0.814557
3.754 0.812754
3.755 0.810962
3.756 0.809182
3.757 0.807414
3.758 0.805657
3.759 0.803912
3.76 0.802178
3.761 0.800456
3.762 0.798744
3.763 0.797045
3.764 0.795356
3.765 0.793679
3.766 0.792012
3.767 0.790357
3.768 0.788713
3.769 0.787079
3.77 0.785457
3.771 0.783845
3.772 0.782244
3.773 0.780654
3.774 0.779075
3.775 0.777506
3.776 0.775948
3.777 0.7744
3.778 0.772863
3.779 0.771337
3.78 0.76982
3.781 0.768314
3.782 0.766818
3.783 0.765333
3.784 0.763857
3.785 0.762392
3.786 0.760937
3.787 0.759491
3.788 0.758056
3.789 0.756631
3.79 0.755215
3.791 0.75381
3.792 0.752414
3.793 0.751027
3.794 0.749651
3.795 0.748284
3.796 0.746926
3.797 0.745579
3.798 0.74424
3.799 0.742911
3.8 0.741592
3.801 0.740281
3.802 0.73898
3.803 0.737689
3.804 0.736406
3.805 0.735133
3.806 0.733868
3.807 0.732613
3.808 0.731367
3.809 0.730129
3.81 0.728901
3.811 0.727681
3.812 0.726471
3.813 0.725269
3.814 0.724076
3.815 0.722891
3.816 0.721715
3.817 0.720548
3.818 0.719389
3.819 0.718239
3.82 0.717098
3.821 0.715964
3.822 0.71484
3.823 0.713723
3.824 0.712615
3.825 0.711515
3.826 0.710424
3.827 0.70934
3.828 0.708265
3.829 0.707198
3.83 0.706139
3.831 0.705088
3.832 0.704045
3.833 0.70301
3.834 0.701983
3.835 0.700964
3.836 0.699953
3.837 0.698949
3.838 0.697954
3.839 0.696966
3.84 0.695986
3.841 0.695013
3.842 0.694048
3.843 0.693091
3.844 0.692141
3.845 0.691199
3.846 0.690264
3.847 0.689337
3.848 0.688417
3.849 0.687505
3.85 0.6866
3.851 0.685702
3.852 0.684812
3.853 0.683929
3.854 0.683053
3.855 0.682184
3.856 0.681323
3.857 0.680468
3.858 0.679621
3.859 0.678781
3.86 0.677948
3.861 0.677122
3.862 0.676302
3.863 0.67549
3.864 0.674685
3.865 0.673887
3.866 0.673095
3.867 0.672311
3.868 0.671533
3.869 0.670762
3.87 0.669998
3.871 0.66924
3.872 0.668489
3.873 0.667745
3.874 0.667008
3.875 0.666277
3.876 0.665553
3.877 0.664835
3.878 0.664124
3.879 0.663419
3.88 0.662721
3.881 0.662029
3.882 0.661344
3.883 0.660665
3.884 0.659993
3.885 0.659327
3.886 0.658667
3.887 0.658014
3.888 0.657367
3.889 0.656726
3.89 0.656091
3.891 0.655463
3.892 0.654841
3.893 0.654225
3.894 0.653615
3.895 0.653011
3.896 0.652414
3.897 0.651822
3.898 0.651237
3.899 0.650658
3.9 0.650085
3.901 0.649517
3.902 0.648956
3.903 0.648401
3.904 0.647851
3.905 0.647308
3.906 0.64677
3.907 0.646239
3.908 0.645713
3.909 0.645193
3.91 0.644679
3.911 0.644171
3.912 0.643669
3.913 0.643172
3.914 0.642681
3.915 0.642196
3.916 0.641717
3.917 0.641243
3.918 0.640775
3.919 0.640313
3.92 0.639856
3.921 0.639405
3.922 0.63896
3.923 0.63852
3.924 0.638086
3.925 0.637657
3.926 0.637234
3.927 0.636817
3.928 0.636405
3.929 0.635998
3.93 0.635597
3.931 0.635202
3.932 0.634812
3.933 0.634428
3.934 0.634049
3.935 0.633675
3.936 0.633307
3.937 0.632944
3.938 0.632587
3.939 0.632235
3.94 0.631888
3.941 0.631547
3.942 0.631211
3.943 0.630881
3.944 0.630556
3.945 0.630236
3.946 0.629921
3.947 0.629612
3.948 0.629308
3.949 0.629009
3.95 0.628715
3.951 0.628427
3.952 0.628144
3.953 0.627866
3.954 0.627594
3.955 0.627326
3.956 0.627064
3.957 0.626807
3.958 0.626555
3.959 0.626309
3.96 0.626067
3.961 0.625831
3.962 0.6256
3.963 0.625374
3.964 0.625153
3.965 0.624937
3.966 0.624726
3.967 0.62452
3.968 0.62432
3.969 0.624124
3.97 0.623934
3.971 0.623749
3.972 0.623568
3.973 0.623393
3.974 0.623223
3.975 0.623058
3.976 0.622898
3.977 0.622743
3.978 0.622593
3.979 0.622448
3.98 0.622308
3.981 0.622173
3.982 0.622043
3.983 0.621918
3.984 0.621798
3.985 0.621683
3.986 0.621573
3.987 0.621468
3.988 0.621368
3.989 0.621273
3.99 0.621183
3.991 0.621097
3.992 0.621017
3.993 0.620942
3.994 0.620872
3.995 0.620806
3.996 0.620746
3.997 0.62069
3.998 0.62064
3.999 0.620594
4 0.620554
4.001 0.620518
4.002 0.620487
4.003 0.620461
4.004 0.62044
4.005 0.620424
4.006 0.620413
4.007 0.620407
4.008 0.620406
4.009 0.620409
4.01 0.620418
4.011 0.620431
4.012 0.62045
4.013 0.620473
4.014 0.620501
4.015 0.620534
4.016 0.620573
4.017 0.620615
4.018 0.620663
4.019 0.620716
4.02 0.620774
4.021 0.620837
4.022 0.620904
4.023 0.620977
4.024 0.621054
4.025 0.621137
4.026 0.621224
4.027 0.621316
4.028 0.621413
4.029 0.621515
4.03 0.621622
4.031 0.621734
4.032 0.621851
4.033 0.621973
4.034 0.6221
4.035 0.622231
4.036 0.622368
4.037 0.62251
4.038 0.622656
4.039 0.622808
4.04 0.622964
4.041 0.623126
4.042 0.623292
4.043 0.623464
4.044 0.62364
4.045 0.623822
4.046 0.624008
4.047 0.6242
4.048 0.624396
4.049 0.624597
4.05 0.624804
4.051 0.625015
4.052 0.625232
4.053 0.625453
4.054 0.62568
4.055 0.625912
4.056 0.626148
4.057 0.62639
4.058 0.626637
4.059 0.626889
4.06 0.627146
4.061 0.627408
4.062 0.627675
4.063 0.627947
4.064 0.628224
4.065 0.628507
4.066 0.628794
4.067 0.629087
4.068 0.629385
4.069 0.629688
4.07 0.629996
4.071 0.630309
4.072 0.630628
4.073 0.630952
4.074 0.63128
4.075 0.631615
4.076 0.631954
4.077 0.632298
4.078 0.632648
4.079 0.633003
4.08 0.633363
4.081 0.633729
4.082 0.6341
4.083 0.634476
4.084 0.634857
4.085 0.635244
4.086 0.635636
4.087 0.636034
4.088 0.636436
4.089 0.636844
4.09 0.637258
4.091 0.637677
4.092 0.638101
4.093 0.63853
4.094 0.638966
4.095 0.639406
4.096 0.639852
4.097 0.640303
4.098 0.64076
4.099 0.641223
4.1 0.64169
4.101 0.642164
4.102 0.642643
4.103 0.643127
4.104 0.643617
4.105 0.644113
4.106 0.644614
4.107 0.645121
4.108 0.645633
4.109 0.646151
4.11 0.646675
4.111 0.647204
4.112 0.647739
4.113 0.64828
4.114 0.648826
4.115 0.649379
4.116 0.649937
4.117 0.6505
4.118 0.65107
4.119 0.651645
4.12 0.652226
4.121 0.652813
4.122 0.653406
4.123 0.654004
4.124 0.654609
4.125 0.655219
4.126 0.655836
4.127 0.656458
4.128 0.657087
4.129 0.657721
4.13 0.658361
4.131 0.659007
4.132 0.65966
4.133 0.660318
4.134 0.660983
4.135 0.661653
4.136 0.66233
4.137 0.663013
4.138 0.663702
4.139 0.664397
4.14 0.665099
4.141 0.665807
4.142 0.666521
4.143 0.667241
4.144 0.667967
4.145 0.6687
4.146 0.669439
4.147 0.670185
4.148 0.670937
4.149 0.671695
4.15 0.67246
4.151 0.673231
4.152 0.674009
4.153 0.674794
4.154 0.675584
4.155 0.676382
4.156 0.677186
4.157 0.677996
4.158 0.678813
4.159 0.679637
4.16 0.680468
4.161 0.681305
4.162 0.682149
4.163 0.683
4.164 0.683858
4.165 0.684722
4.166 0.685593
4.167 0.686471
4.168 0.687356
4.169 0.688248
4.17 0.689147
4.171 0.690053
4.172 0.690966
4.173 0.691886
4.174 0.692813
4.175 0.693747
4.176 0.694688
4.177 0.695637
4.178 0.696592
4.179 0.697555
4.18 0.698525
4.181 0.699502
4.182 0.700487
4.183 0.701479
4.184 0.702478
4.185 0.703485
4.186 0.704499
4.187 0.705521
4.188 0.70655
4.189 0.707587
4.19 0.708631
4.191 0.709683
4.192 0.710742
4.193 0.711809
4.194 0.712884
4.195 0.713966
4.196 0.715057
4.197 0.716155
4.198 0.717261
4.199 0.718374
4.2 0.719496
4.201 0.720626
4.202 0.721763
4.203 0.722909
4.204 0.724062
4.205 0.725224
4.206 0.726394
4.207 0.727572
4.208 0.728758
4.209 0.729952
4.21 0.731154
4.211 0.732365
4.212 0.733584
4.213 0.734812
4.214 0.736048
4.215 0.737292
4.216 0.738545
4.217 0.739806
4.218 0.741076
4.219 0.742354
4.22 0.743642
4.221 0.744937
4.222 0.746242
4.223 0.747555
4.224 0.748877
4.225 0.750208
4.226 0.751547
4.227 0.752896
4.228 0.754253
4.229 0.75562
4.23 0.756995
4.231 0.75838
4.232 0.759774
4.233 0.761176
4.234 0.762588
4.235 0.76401
4.236 0.76544
4.237 0.76688
4.238 0.768329
4.239 0.769787
4.24 0.771255
4.241 0.772733
4.242 0.77422
4.243 0.775716
4.244 0.777222
4.245 0.778738
4.246 0.780264
4.247 0.781799
4.248 0.783344
4.249 0.784898
4.25 0.786463
4.251 0.788037
4.252 0.789622
4.253 0.791216
4.254 0.792821
4.255 0.794435
4.256 0.79606
4.257 0.797694
4.258 0.799339
4.259 0.800994
4.26 0.80266
4.261 0.804336
4.262 0.806022
4.263 0.807718
4.264 0.809425
4.265 0.811143
4.266 0.812871
4.267 0.81461
4.268 0.816359
4.269 0.818119
4.27 0.819889
4.271 0.821671
4.272 0.823463
4.273 0.825266
4.274 0.82708
4.275 0.828905
4.276 0.83074
4.277 0.832587
4.278 0.834445
4.279 0.836314
4.28 0.838194
4.281 0.840085
4.282 0.841987
4.283 0.843901
4.284 0.845826
4.285 0.847762
4.286 0.849709
4.287 0.851668
4.288 0.853639
4.289 0.855621
4.29 0.857614
4.291 0.859619
4.292 0.861635
4.293 0.863664
4.294 0.865703
4.295 0.867755
4.296 0.869818
4.297 0.871893
4.298 0.87398
4.299 0.876078
4.3 0.878189
4.301 0.880311
4.302 0.882445
4.303 0.884591
4.304 0.88675
4.305 0.88892
4.306 0.891102
4.307 0.893296
4.308 0.895503
4.309 0.897721
4.31 0.899952
4.311 0.902194
4.312 0.904449
4.313 0.906717
4.314 0.908996
4.315 0.911288
4.316 0.913591
4.317 0.915908
4.318 0.918236
4.319 0.920577
4.32 0.92293
4.321 0.925295
4.322 0.927673
4.323 0.930063
4.324 0.932465
4.325 0.93488
4.326 0.937308
4.327 0.939747
4.328 0.942199
4.329 0.944663
4.33 0.94714
4.331 0.949629
4.332 0.95213
4.333 0.954644
4.334 0.95717
4.335 0.959709
4.336 0.96226
4.337 0.964823
4.338 0.967398
4.339 0.969986
4.34 0.972586
4.341 0.975198
4.342 0.977822
4.343 0.980459
4.344 0.983107
4.345 0.985768
4.346 0.988441
4.347 0.991126
4.348 0.993822
4.349 0.996531
4.35 0.999252
4.351 1.00198
4.352 1.00473
4.353 1.00748
4.354 1.01025
4.355 1.01303
4.356 1.01582
4.357 1.01862
4.358 1.02144
4.359 1.02426
4.36 1.0271
4.361 1.02995
4.362 1.03281
4.363 1.03567
4.364 1.03856
4.365 1.04145
4.366 1.04435
4.367 1.04726
4.368 1.05018
4.369 1.05312
4.37 1.05606
4.371 1.05901
4.372 1.06198
4.373 1.06495
4.374 1.06793
4.375 1.07093
4.376 1.07393
4.377 1.07694
4.378 1.07996
4.379 1.08299
4.38 1.08603
4.381 1.08907
4.382 1.09213
4.383 1.09519
4.384 1.09826
4.385 1.10134
4.386 1.10443
4.387 1.10752
4.388 1.11062
4.389 1.11373
4.39 1.11684
4.391 1.11997
4.392 1.12309
4.393 1.12623
4.394 1.12937
4.395 1.13251
4.396 1.13566
4.397 1.13882
4.398 1.14198
4.399 1.14514
4.4 1.14831
4.401 1.15148
4.402 1.15466
4.403 1.15783
4.404 1.16101
4.405 1.1642
4.406 1.16738
4.407 1.17057
4.408 1.17376
4.409 1.17695
4.41 1.18014
4.411 1.18333
4.412 1.18653
4.413 1.18972
4.414 1.19291
4.415 1.1961
4.416 1.19928
4.417 1.20247
4.418 1.20565
4.419 1.20883
4.42 1.21201
4.421 1.21518
4.422 1.21835
4.423 1.22151
4.424 1.22467
4.425 1.22782
4.426 1.23097
4.427 1.23411
4.428 1.23724
4.429 1.24037
4.43 1.24348
4.431 1.24659
4.432 1.24969
4.433 1.25277
4.434 1.25585
4.435 1.25892
4.436 1.26197
4.437 1.26502
4.438 1.26805
4.439 1.27106
4.44 1.27407
4.441 1.27706
4.442 1.28003
4.443 1.28299
4.444 1.28593
4.445 1.28885
4.446 1.29176
4.447 1.29465
4.448 1.29752
4.449 1.30037
4.45 1.3032
4.451 1.30601
4.452 1.3088
4.453 1.31156
4.454 1.31431
4.455 1.31703
4.456 1.31972
4.457 1.32239
4.458 1.32504
4.459 1.32766
4.46 1.33025
4.461 1.33281
4.462 1.33535
4.463 1.33786
4.464 1.34034
4.465 1.34279
4.466 1.34521
4.467 1.34759
4.468 1.34995
4.469 1.35227
4.47 1.35456
4.471 1.35681
4.472 1.35903
4.473 1.36122
4.474 1.36337
4.475 1.36548
4.476 1.36755
4.477 1.36959
4.478 1.37159
4.479 1.37355
4.48 1.37547
4.481 1.37734
4.482 1.37918
4.483 1.38098
4.484 1.38273
4.485 1.38445
4.486 1.38611
4.487 1.38774
4.488 1.38932
4.489 1.39086
4.49 1.39235
4.491 1.39379
4.492 1.39519
4.493 1.39655
4.494 1.39785
4.495 1.39911
4.496 1.40032
4.497 1.40148
4.498 1.40259
4.499 1.40366
4.5 1.40467
4.501 1.40564
4.502 1.40655
4.503 1.40742
4.504 1.40823
4.505 1.40899
4.506 1.4097
4.507 1.41036
4.508 1.41097
4.509 1.41153
4.51 1.41203
4.511 1.41249
4.512 1.41289
4.513 1.41323
4.514 1.41353
4.515 1.41377
4.516 1.41396
4.517 1.4141
4.518 1.41418
4.519 1.41421
4.52 1.41419
4.521 1.41412
4.522 1.41399
4.523 1.41381
4.524 1.41358
4.525 1.4133
4.526 1.41296
4.527 1.41257
4.528 1.41213
4.529 1.41164
4.53 1.4111
4.531 1.41051
4.532 1.40986
4.533 1.40917
4.534 1.40842
4.535 1.40762
4.536 1.40678
4.537 1.40588
4.538 1.40494
4.539 1.40395
4.54 1.4029
4.541 1.40182
4.542 1.40068
4.543 1.39949
4.544 1.39826
4.545 1.39699
4.546 1.39566
4.547 1.3943
4.548 1.39288
4.549 1.39143
4.55 1.38993
4.551 1.38838
4.552 1.3868
4.553 1.38517
4.554 1.3835
4.555 1.38179
4.556 1.38004
4.557 1.37825
4.558 1.37642
4.559 1.37455
4.56 1.37264
4.561 1.3707
4.562 1.36872
4.563 1.3667
4.564 1.36465
4.565 1.36256
4.566 1.36044
4.567 1.35829
4.568 1.3561
4.569 1.35388
4.57 1.35163
4.571 1.34934
4.572 1.34703
4.573 1.34469
4.574 1.34232
4.575 1.33992
4.576 1.33749
4.577 1.33504
4.578 1.33256
4.579 1.33005
4.58 1.32752
4.581 1.32497
4.582 1.32239
4.583 1.31979
4.584 1.31716
4.585 1.31452
4.586 1.31185
4.587 1.30916
4.588 1.30646
4.589 1.30373
4.59 1.30099
4.591 1.29822
4.592 1.29544
4.593 1.29265
4.594 1.28983
4.595 1.28701
4.596 1.28416
4.597 1.28131
4.598 1.27843
4.599 1.27555
4.6 1.27265
4.601 1.26974
4.602 1.26682
4.603 1.26389
4.604 1.26095
4.605 1.258
4.606 1.25504
4.607 1.25207
4.608 1.2491
4.609 1.24611
4.61 1.24312
4.611 1.24012
4.612 1.23711
4.613 1.2341
4.614 1.23109
4.615 1.22807
4.616 1.22504
4.617 1.22201
4.618 1.21898
4.619 1.21594
4.62 1.21291
4.621 1.20986
4.622 1.20682
4.623 1.20378
4.624 1.20073
4.625 1.19769
4.626 1.19464
4.627 1.1916
4.628 1.18855
4.629 1.18551
4.63 1.18247
4.631 1.17943
4.632 1.17639
4.633 1.17335
4.634 1.17032
4.635 1.16729
4.636 1.16426
4.637 1.16123
4.638 1.15821
4.639 1.1552
4.64 1.15218
4.641 1.14918
4.642 1.14617
4.643 1.14318
4.644 1.14018
4.645 1.1372
4.646 1.13422
4.647 1.13124
4.648 1.12827
4.649 1.12531
4.65 1.12236
4.651 1.11941
4.652 1.11647
4.653 1.11353
4.654 1.11061
4.655 1.10769
4.656 1.10478
4.657 1.10188
4.658 1.09899
4.659 1.0961
4.66 1.09322
4.661 1.09036
4.662 1.0875
4.663 1.08465
4.664 1.08181
4.665 1.07898
4.666 1.07616
4.667 1.07334
4.668 1.07054
4.669 1.06775
4.67 1.06497
4.671 1.06219
4.672 1.05943
4.673 1.05668
4.674 1.05394
4.675 1.05121
4.676 1.04849
4.677 1.04578
4.678 1.04308
4.679 1.04039
4.68 1.03772
4.681 1.03505
4.682 1.0324
4.683 1.02975
4.684 1.02712
4.685 1.0245
4.686 1.02189
4.687 1.01929
4.688 1.0167
4.689 1.01413
4.69 1.01156
4.691 1.00901
4.692 1.00647
4.693 1.00394
4.694 1.00142
4.695 0.998913
4.696 0.996419
4.697 0.993936
4.698 0.991465
4.699 0.989006
4.7 0.986558
4.701 0.984123
4.702 0.981699
4.703 0.979287
4.704 0.976887
4.705 0.974499
4.706 0.972123
4.707 0.969758
4.708 0.967406
4.709 0.965065
4.71 0.962737
4.711 0.96042
4.712 0.958115
4.713 0.955822
4.714 0.953541
4.715 0.951272
4.716 0.949015
4.717 0.94677
4.718 0.944537
4.719 0.942315
4.72 0.940106
4.721 0.937908
4.722 0.935722
4.723 0.933548
4.724 0.931385
4.725 0.929235
4.726 0.927096
4.727 0.924969
4.728 0.922854
4.729 0.92075
4.73 0.918658
4.731 0.916578
4.732 0.914509
4.733 0.912452
4.734 0.910407
4.735 0.908373
4.736 0.90635
4.737 0.904339
4.738 0.90234
4.739 0.900352
4.74 0.898376
4.741 0.896411
4.742 0.894457
4.743 0.892514
4.744 0.890583
4.745 0.888663
4.746 0.886755
4.747 0.884857
4.748 0.882971
4.749 0.881096
4.75 0.879232
4.751 0.877379
4.752 0.875537
4.753 0.873706
4.754 0.871886
4.755 0.870076
4.756 0.868278
4.757 0.866491
4.758 0.864714
4.759 0.862948
4.76 0.861193
4.761 0.859449
4.762 0.857715
4.763 0.855992
4.764 0.85428
4.765 0.852577
4.766 0.850886
4.767 0.849205
4.768 0.847534
4.769 0.845874
4.77 0.844224
4.771 0.842585
4.772 0.840955
4.773 0.839336
4.774 0.837727
4.775 0.836129
4.776 0.83454
4.777 0.832961
4.778 0.831393
4.779 0.829834
4.78 0.828286
4.781 0.826747
4.782 0.825218
4.783 0.823699
4.784 0.82219
4.785 0.820691
4.786 0.819201
4.787 0.817721
4.788 0.81625
4.789 0.81479
4.79 0.813338
4.791 0.811897
4.792 0.810464
4.793 0.809041
4.794 0.807628
4.795 0.806224
4.796 0.804829
4.797 0.803444
4.798 0.802067
4.799 0.8007
4.8 0.799342
4.801 0.797994
4.802 0.796654
4.803 0.795323
4.804 0.794002
4.805 0.792689
4.806 0.791385
4.807 0.79009
4.808 0.788804
4.809 0.787527
4.81 0.786259
4.811 0.784999
4.812 0.783748
4.813 0.782506
4.814 0.781273
4.815 0.780048
4.816 0.778831
4.817 0.777623
4.818 0.776424
4.819 0.775233
4.82 0.77405
4.821 0.772876
4.822 0.77171
4.823 0.770553
4.824 0.769403
4.825 0.768263
4.826 0.76713
4.827 0.766005
4.828 0.764889
4.829 0.76378
4.83 0.76268
4.831 0.761588
4.832 0.760504
4.833 0.759427
4.834 0.758359
4.835 0.757299
4.836 0.756246
4.837 0.755201
4.838 0.754164
4.839 0.753135
4.84 0.752114
4.841 0.7511
4.842 0.750094
4.843 0.749096
4.844 0.748105
4.845 0.747122
4.846 0.746146
4.847 0.745178
4.848 0.744218
4.849 0.743265
4.85 0.742319
4.851 0.741381
4.852 0.74045
4.853 0.739526
4.854 0.73861
4.855 0.737701
4.856 0.7368
4.857 0.735905
4.858 0.735018
4.859 0.734138
4.86 0.733265
4.861 0.732399
4.862 0.731541
4.863 0.730689
4.864 0.729845
4.865 0.729007
4.866 0.728176
4.867 0.727353
4.868 0.726536
4.869 0.725726
4.87 0.724923
4.871 0.724127
4.872 0.723338
4.873 0.722556
4.874 0.72178
4.875 0.721011
4.876 0.720249
4.877 0.719494
4.878 0.718745
4.879 0.718003
4.88 0.717268
4.881 0.716539
4.882 0.715817
4.883 0.715101
4.884 0.714392
4.885 0.713689
4.886 0.712993
4.887 0.712304
4.888 0.711621
4.889 0.710944
4.89 0.710273
4.891 0.70961
4.892 0.708952
4.893 0.708301
4.894 0.707656
4.895 0.707017
4.896 0.706385
4.897 0.705759
4.898 0.705139
4.899 0.704526
4.9 0.703918
4.901 0.703317
4.902 0.702722
4.903 0.702133
4.904 0.701551
4.905 0.700974
4.906 0.700403
4.907 0.699839
4.908 0.699281
4.909 0.698728
4.91 0.698182
4.911 0.697641
4.912 0.697107
4.913 0.696579
4.914 0.696056
4.915 0.69554
4.916 0.695029
4.917 0.694524
4.918 0.694026
4.919 0.693533
4.92 0.693046
4.921 0.692564
4.922 0.692089
4.923 0.691619
4.924 0.691155
4.925 0.690697
4.926 0.690245
4.927 0.689798
4.928 0.689358
4.929 0.688922
4.93 0.688493
4.931 0.688069
4.932 0.687651
4.933 0.687239
4.934 0.686832
4.935 0.686431
4.936 0.686035
4.937 0.685646
4.938 0.685261
4.939 0.684882
4.94 0.684509
4.941 0.684142
4.942 0.68378
4.943 0.683423
4.944 0.683072
4.945 0.682727
4.946 0.682387
4.947 0.682052
4.948 0.681723
4.949 0.6814
4.95 0.681081
4.951 0.680769
4.952 0.680462
4.953 0.68016
4.954 0.679863
4.955 0.679572
4.956 0.679287
4.957 0.679007
4.958 0.678732
4.959 0.678462
4.96 0.678198
4.961 0.677939
4.962 0.677686
4.963 0.677438
4.964 0.677195
4.965 0.676958
4.966 0.676725
4.967 0.676499
4.968 0.676277
4.969 0.676061
4.97 0.67585
4.971 0.675644
4.972 0.675443
4.973 0.675248
4.974 0.675058
4.975 0.674874
4.976 0.674694
4.977 0.67452
4.978 0.674351
4.979 0.674187
4.98 0.674028
4.981 0.673875
4.982 0.673727
4.983 0.673584
4.984 0.673446
4.985 0.673313
4.986 0.673185
4.987 0.673063
4.988 0.672946
4.989 0.672834
4.99 0.672727
4.991 0.672626
4.992 0.672529
4.993 0.672438
4.994 0.672351
4.995 0.67227
4.996 0.672194
4.997 0.672124
4.998 0.672058
4.999 0.671997
