-10 2.55596e-24 -9.45118e-21
-9.98 -1.87657e-22 -9.6326e-21
-9.96 -3.8526e-22 -1.01921e-20
-9.94 -5.97979e-22 -1.11485e-20
-9.92 -8.34066e-22 -1.25359e-20
-9.9 -1.10262e-21 -1.44047e-20
-9.88 -1.41391e-21 -1.6823e-20
-9.86 -1.77978e-21 -1.98796e-20
-9.84 -2.21408e-21 -2.36865e-20
-9.82 -2.73315e-21 -2.83827e-20
-9.8 -3.35644e-21 -3.41397e-20
-9.78 -4.10718e-21 -4.11666e-20
-9.76 -5.01324e-21 -4.9718e-20
-9.74 -6.10809e-21 -6.01025e-20
-9.72 -7.43201e-21 -7.26931e-20
-9.7 -9.03348e-21 -8.79406e-20
-9.68 -1.09709e-20 -1.06388e-19
-9.66 -1.33146e-20 -1.2869e-19
-9.64 -1.61494e-20 -1.55635e-19
-9.62 -1.95772e-20 -1.88171e-19
-9.6 -2.3721e-20 -2.27436e-19
-9.58 -2.87285e-20 -2.74801e-19
-9.56 -3.47778e-20 -3.31909e-19
-9.54 -4.20828e-20 -4.00735e-19
-9.52 -5.09009e-20 -4.83646e-19
-9.5 -6.15412e-20 -5.83484e-19
-9.48 -7.43754e-20 -7.03652e-19
-9.46 -8.98496e-20 -8.4823e-19
-9.44 -1.08499e-19 -1.02211e-18
-9.42 -1.30968e-19 -1.23113e-18
-9.4 -1.58025e-19 -1.4823e-18
-9.38 -1.90596e-19 -1.784e-18
-9.36 -2.29787e-19 -2.14623e-18
-9.34 -2.76927e-19 -2.58098e-18
-9.32 -3.33604e-19 -3.10253e-18
-9.3 -4.01719e-19 -3.72796e-18
-9.28 -4.83548e-19 -4.47767e-18
-9.26 -5.81814e-19 -5.37596e-18
-9.24 -6.99768e-19 -6.45187e-18
-9.22 -8.41299e-19 -7.73996e-18
-9.2 -1.01105e-18 -9.28146e-18
-9.18 -1.21457e-18 -1.11255e-17
-9.16 -1.45847e-18 -1.33304e-17
-9.14 -1.75065e-18 -1.59659e-17
-9.12 -2.10052e-18 -1.91147e-17
-9.1 -2.51931e-18 -2.28753e-17
-9.08 -3.02038e-18 -2.73646e-17
-9.06 -3.61966e-18 -3.27218e-17
-9.04 -4.33612e-18 -3.91118e-17
-9.02 -5.19231e-18 -4.67308e-17
-9 -6.21507e-18 -5.58113e-17
-8.98 -7.43632e-18 -6.66294e-17
-8.96 -8.89398e-18 -7.95122e-17
-8.94 -1.06331e-17 -9.48474e-17
-8.92 -1.27072e-17 -1.13094e-16
-8.9 -1.51799e-17 -1.34797e-16
-8.88 -1.81264e-17 -1.606e-16
-8.86 -2.16362e-17 -1.91264e-16
-8.84 -2.58153e-17 -2.27691e-16
-8.82 -3.07893e-17 -2.70946e-16
-8.8 -3.67069e-17 -3.22287e-16
-8.78 -4.37444e-17 -3.83201e-16
-8.76 -5.21103e-17 -4.55444e-16
-8.74 -6.20513e-17 -5.41087e-16
-8.72 -7.38592e-17 -6.42575e-16
-8.7 -8.78789e-17 -7.62789e-16
-8.68 -1.04518e-16 -9.05125e-16
-8.66 -1.24258e-16 -1.07359e-15
-8.64 -1.47666e-16 -1.27288e-15
-8.62 -1.75415e-16 -1.50857e-15
-8.6 -2.08295e-16 -1.78717e-15
-8.58 -2.47238e-16 -2.11636e-15
-8.56 -2.93346e-16 -2.50517e-15
-8.54 -3.47913e-16 -2.96421e-15
-8.52 -4.12464e-16 -3.50595e-15
-8.5 -4.88798e-16 -4.14501e-15
-8.48 -5.79026e-16 -4.89856e-15
-8.46 -6.85636e-16 -5.78677e-15
-8.44 -8.1155e-16 -6.83325e-15
-8.42 -9.60204e-16 -8.06571e-15
-8.4 -1.13563e-15 -9.51659e-15
-8.38 -1.34257e-15 -1.12239e-14
-8.36 -1.58659e-15 -1.32322e-14
-8.34 -1.87421e-15 -1.55934e-14
-8.32 -2.21308e-15 -1.83686e-14
-8.3 -2.61218e-15 -2.16288e-14
-8.28 -3.08202e-15 -2.54574e-14
-8.26 -3.6349e-15 -2.99516e-14
-8.24 -4.28526e-15 -3.52249e-14
-8.22 -5.04996e-15 -4.14097e-14
-8.2 -5.94875e-15 -4.86607e-14
-8.18 -7.00469e-15 -5.71582e-14
-8.16 -8.24477e-15 -6.71124e-14
-8.14 -9.7005e-15 -7.87681e-14
-8.12 -1.14087e-14 -9.24105e-14
-8.1 -1.34124e-14 -1.08372e-13
-8.08 -1.57616e-14 -1.27038e-13
-8.06 -1.85149e-14 -1.4886e-13
-8.04 -2.17404e-14 -1.74358e-13
-8.02 -2.55177e-14 -2.04142e-13
-8 -2.99393e-14 -2.38916e-13
-7.98 -3.5113e-14 -2.795e-13
-7.96 -4.11643e-14 -3.26844e-13
-7.94 -4.82391e-14 -3.82054e-13
-7.92 -5.65073e-14 -4.46408e-13
-7.9 -6.61662e-14 -5.21389e-13
-7.88 -7.7445e-14 -6.08718e-13
-7.86 -9.06103e-14 -7.10384e-13
-7.84 -1.05971e-13 -8.28694e-13
-7.82 -1.23887e-13 -9.66315e-13
-7.8 -1.44773e-13 -1.12633e-12
-7.78 -1.69113e-13 -1.31231e-12
-7.76 -1.97466e-13 -1.52838e-12
-7.74 -2.3048e-13 -1.7793e-12
-7.72 -2.68906e-13 -2.07058e-12
-7.7 -3.13614e-13 -2.40855e-12
-7.68 -3.65608e-13 -2.80056e-12
-7.66 -4.26052e-13 -3.25504e-12
-7.64 -4.9629e-13 -3.78173e-12
-7.62 -5.77877e-13 -4.39186e-12
-7.6 -6.72606e-13 -5.09835e-12
-7.58 -7.82551e-13 -5.91608e-12
-7.56 -9.10104e-13 -6.86218e-12
-7.54 -1.05802e-12 -7.95634e-12
-7.52 -1.22949e-12 -9.2212e-12
-7.5 -1.42818e-12 -1.06828e-11
-7.48 -1.65831e-12 -1.2371e-11
-7.46 -1.92476e-12 -1.43202e-11
-7.44 -2.23312e-12 -1.65698e-11
-7.42 -2.58985e-12 -1.91649e-11
-7.4 -3.00236e-12 -2.21574e-11
-7.38 -3.47919e-12 -2.56068e-11
-7.36 -4.03013e-12 -2.95811e-11
-7.34 -4.66645e-12 -3.41584e-11
-7.32 -5.40107e-12 -3.94278e-11
-7.3 -6.24885e-12 -4.54916e-11
-7.28 -7.2268e-12 -5.24666e-11
-7.26 -8.35446e-12 -6.04863e-11
-7.24 -9.65422e-12 -6.97035e-11
-7.22 -1.11517e-11 -8.02925e-11
-7.2 -1.28764e-11 -9.24524e-11
-7.18 -1.48618e-11 -1.0641e-10
-7.16 -1.71465e-11 -1.22426e-10
-7.14 -1.97745e-11 -1.40794e-10
-7.12 -2.27962e-11 -1.61853e-10
-7.1 -2.62691e-11 -1.85985e-10
-7.08 -3.0259e-11 -2.13628e-10
-7.06 -3.48409e-11 -2.4528e-10
-7.04 -4.01006e-11 -2.81506e-10
-7.02 -4.61359e-11 -3.22951e-10
-7 -5.30583e-11 -3.70347e-10
-6.98 -6.09949e-11 -4.24524e-10
-6.96 -7.00907e-11 -4.86429e-10
-6.94 -8.05106e-11 -5.57134e-10
-6.92 -9.24427e-11 -6.37855e-10
-6.9 -1.06101e-10 -7.29973e-10
-6.88 -1.21728e-10 -8.35053e-10
-6.86 -1.39601e-10 -9.5487e-10
-6.84 -1.60034e-10 -1.09143e-09
-6.82 -1.83385e-10 -1.24702e-09
-6.8 -2.10059e-10 -1.4242e-09
-6.78 -2.40516e-10 -1.62589e-09
-6.76 -2.75279e-10 -1.85538e-09
-6.74 -3.14941e-10 -2.1164e-09
-6.72 -3.60173e-10 -2.41316e-09
-6.7 -4.11737e-10 -2.7504e-09
-6.68 -4.70495e-10 -3.1335e-09
-6.66 -5.37423e-10 -3.56849e-09
-6.64 -6.13625e-10 -4.0622e-09
-6.62 -7.00353e-10 -4.62233e-09
-6.6 -7.99018e-10 -5.25754e-09
-6.58 -9.11219e-10 -5.9776e-09
-6.56 -1.03876e-09 -6.79349e-09
-6.54 -1.18368e-09 -7.71759e-09
-6.52 -1.34828e-09 -8.7638e-09
-6.5 -1.53515e-09 -9.94776e-09
-6.48 -1.74722e-09 -1.12871e-08
-6.46 -1.9878e-09 -1.28014e-08
-6.44 -2.26059e-09 -1.4513e-08
-6.42 -2.5698e-09 -1.64467e-08
-6.4 -2.92012e-09 -1.86304e-08
-6.38 -3.31688e-09 -2.10954e-08
-6.36 -3.76605e-09 -2.38767e-08
-6.34 -4.27432e-09 -2.70137e-08
-6.32 -4.84926e-09 -3.05503e-08
-6.3 -5.49932e-09 -3.45357e-08
-6.28 -6.23404e-09 -3.90251e-08
-6.26 -7.06409e-09 -4.40799e-08
-6.24 -8.00146e-09 -4.97691e-08
-6.22 -9.05959e-09 -5.61695e-08
-6.2 -1.02535e-08 -6.33669e-08
-6.18 -1.16002e-08 -7.14573e-08
-6.16 -1.31185e-08 -8.05476e-08
-6.14 -1.48296e-08 -9.0757e-08
-6.12 -1.67571e-08 -1.02218e-07
-6.1 -1.89276e-08 -1.1508e-07
-6.08 -2.13707e-08 -1.29507e-07
-6.06 -2.41195e-08 -1.45682e-07
-6.04 -2.7211e-08 -1.6381e-07
-6.02 -3.06865e-08 -1.84119e-07
-6 -3.4592e-08 -2.0686e-07
-5.98 -3.8979e-08 -2.32315e-07
-5.96 -4.39047e-08 -2.60794e-07
-5.94 -4.94332e-08 -2.92644e-07
-5.92 -5.56355e-08 -3.28249e-07
-5.9 -6.2591e-08 -3.68035e-07
-5.88 -7.03879e-08 -4.12473e-07
-5.86 -7.91244e-08 -4.62086e-07
-5.84 -8.89097e-08 -5.17454e-07
-5.82 -9.98651e-08 -5.79218e-07
-5.8 -1.12126e-07 -6.48086e-07
-5.78 -1.25841e-07 -7.24845e-07
-5.76 -1.41178e-07 -8.10361e-07
-5.74 -1.5832e-07 -9.05592e-07
-5.72 -1.77473e-07 -1.0116e-06
-5.7 -1.98864e-07 -1.12955e-06
-5.68 -2.22743e-07 -1.26073e-06
-5.66 -2.4939e-07 -1.40656e-06
-5.64 -2.79114e-07 -1.56862e-06
-5.62 -3.12255e-07 -1.74863e-06
-5.6 -3.49191e-07 -1.94849e-06
-5.58 -3.9034e-07 -2.17029e-06
-5.56 -4.36164e-07 -2.41635e-06
-5.54 -4.87173e-07 -2.68919e-06
-5.52 -5.43929e-07 -2.99161e-06
-5.5 -6.07055e-07 -3.32666e-06
-5.48 -6.77235e-07 -3.6977e-06
-5.46 -7.55227e-07 -4.10843e-06
-5.44 -8.41864e-07 -4.5629e-06
-5.42 -9.38064e-07 -5.06555e-06
-5.4 -1.04484e-06 -5.62123e-06
-5.38 -1.1633e-06 -6.2353e-06
-5.36 -1.29468e-06 -6.91358e-06
-5.34 -1.44032e-06 -7.66248e-06
-5.32 -1.60169e-06 -8.48898e-06
-5.3 -1.78044e-06 -9.40074e-06
-5.28 -1.97835e-06 -1.04061e-05
-5.26 -2.19737e-06 -1.15142e-05
-5.24 -2.43967e-06 -1.27351e-05
-5.22 -2.7076e-06 -1.40795e-05
-5.2 -3.00375e-06 -1.55594e-05
-5.18 -3.33096e-06 -1.71878e-05
-5.16 -3.69234e-06 -1.89787e-05
-5.14 -4.0913e-06 -2.09474e-05
-5.12 -4.53154e-06 -2.31108e-05
-5.1 -5.01715e-06 -2.54871e-05
-5.08 -5.55257e-06 -2.8096e-05
-5.06 -6.14268e-06 -3.09591e-05
-5.04 -6.79279e-06 -3.40998e-05
-5.02 -7.50869e-06 -3.75435e-05
-5 -8.29673e-06 -4.13177e-05
-4.98 -9.1638e-06 -4.54524e-05
-4.96 -1.01174e-05 -4.99802e-05
-4.94 -1.11659e-05 -5.4936e-05
-4.92 -1.2318e-05 -6.03581e-05
-4.9 -1.35836e-05 -6.62878e-05
-4.88 -1.49732e-05 -7.27697e-05
-4.86 -1.64984e-05 -7.9852e-05
-4.84 -1.81716e-05 -8.75872e-05
-4.82 -2.00066e-05 -9.60315e-05
-4.8 -2.2018e-05 -0.000105246
-4.78 -2.4222e-05 -0.000115297
-4.76 -2.66359e-05 -0.000126254
-4.74 -2.92787e-05 -0.000138195
-4.72 -3.21708e-05 -0.000151203
-4.7 -3.53345e-05 -0.000165366
-4.68 -3.87938e-05 -0.000180779
-4.66 -4.25747e-05 -0.000197547
-4.64 -4.67054e-05 -0.000215779
-4.62 -5.12164e-05 -0.000235595
-4.6 -5.61406e-05 -0.000257124
-4.58 -6.15137e-05 -0.000280502
-4.56 -6.7374e-05 -0.000305878
-4.54 -7.37632e-05 -0.00033341
-4.52 -8.07259e-05 -0.000363267
-4.5 -8.83106e-05 -0.000395631
-4.48 -9.65692e-05 -0.000430699
-4.46 -0.000105558 -0.000468677
-4.44 -0.000115337 -0.00050979
-4.42 -0.000125972 -0.000554277
-4.4 -0.000137532 -0.000602392
-4.38 -0.000150094 -0.000654408
-4.36 -0.000163737 -0.000710617
-4.34 -0.000178548 -0.000771329
-4.32 -0.000194622 -0.000836875
-4.3 -0.000212058 -0.000907608
-4.28 -0.000230963 -0.000983904
-4.26 -0.000251454 -0.00106616
-4.24 -0.000273653 -0.00115481
-4.22 -0.000297692 -0.00125031
-4.2 -0.000323714 -0.00135312
-4.18 -0.000351869 -0.00146378
-4.16 -0.00038232 -0.00158281
-4.14 -0.000415241 -0.00171079
-4.12 -0.000450816 -0.00184835
-4.1 -0.000489243 -0.00199611
-4.08 -0.000530733 -0.00215478
-4.06 -0.000575511 -0.00232507
-4.04 -0.000623818 -0.00250775
-4.02 -0.000675909 -0.00270364
-4 -0.000732057 -0.00291359
-3.98 -0.000792553 -0.00313851
-3.96 -0.000857704 -0.00337935
-3.94 -0.00092784 -0.00363713
-3.92 -0.00100331 -0.00391291
-3.9 -0.00108448 -0.00420779
-3.88 -0.00117176 -0.00452298
-3.86 -0.00126555 -0.0048597
-3.84 -0.0013663 -0.00521925
-3.82 -0.00147448 -0.00560301
-3.8 -0.00159059 -0.00601242
-3.78 -0.00171516 -0.00644898
-3.76 -0.00184874 -0.00691428
-3.74 -0.00199193 -0.00740998
-3.72 -0.00214535 -0.0079378
-3.7 -0.00230967 -0.00849958
-3.68 -0.00248557 -0.0090972
-3.66 -0.00267381 -0.00973266
-3.64 -0.00287515 -0.010408
-3.62 -0.00309041 -0.0111255
-3.6 -0.00332046 -0.0118872
-3.58 -0.00356621 -0.0126957
-3.56 -0.00382862 -0.0135533
-3.54 -0.00410869 -0.0144626
-3.52 -0.00440748 -0.0154262
-3.5 -0.00472611 -0.0164469
-3.48 -0.00506576 -0.0175275
-3.46 -0.00542763 -0.0186711
-3.44 -0.00581304 -0.0198806
-3.42 -0.00622332 -0.0211593
-3.4 -0.00665989 -0.0225104
-3.38 -0.00712424 -0.0239375
-3.36 -0.00761792 -0.0254439
-3.34 -0.00814255 -0.0270333
-3.32 -0.00869983 -0.0287094
-3.3 -0.00929153 -0.0304762
-3.28 -0.00991951 -0.0323376
-3.26 -0.0105857 -0.0342976
-3.24 -0.0112921 -0.0363606
-3.22 -0.0120408 -0.0385306
-3.2 -0.0128341 -0.0408123
-3.18 -0.0136741 -0.0432101
-3.16 -0.0145633 -0.0457287
-3.14 -0.0155041 -0.0483727
-3.12 -0.0164991 -0.0511471
-3.1 -0.0175509 -0.0540567
-3.08 -0.0186623 -0.0571065
-3.06 -0.0198361 -0.0603017
-3.04 -0.0210753 -0.0636475
-3.02 -0.022383 -0.0671491
-3 -0.0237624 -0.0708119
-2.98 -0.0252166 -0.0746412
-2.96 -0.0267492 -0.0786425
-2.94 -0.0283635 -0.0828214
-2.92 -0.0300632 -0.0871834
-2.9 -0.0318521 -0.091734
-2.88 -0.0337339 -0.0964789
-2.86 -0.0357126 -0.101424
-2.84 -0.0377922 -0.106574
-2.82 -0.039977 -0.111935
-2.8 -0.0422711 -0.117514
-2.78 -0.044679 -0.123314
-2.76 -0.0472052 -0.129342
-2.74 -0.0498542 -0.135603
-2.72 -0.0526309 -0.142103
-2.7 -0.05554 -0.148847
-2.68 -0.0585864 -0.15584
-2.66 -0.0617753 -0.163087
-2.64 -0.0651116 -0.170592
-2.62 -0.0686007 -0.178362
-2.6 -0.0722479 -0.1864
-2.58 -0.0760585 -0.19471
-2.56 -0.0800381 -0.203297
-2.54 -0.0841923 -0.212165
-2.52 -0.0885266 -0.221317
-2.5 -0.0930468 -0.230756
-2.48 -0.0977588 -0.240487
-2.46 -0.102668 -0.250511
-2.44 -0.107781 -0.26083
-2.42 -0.113103 -0.271448
-2.4 -0.118641 -0.282366
-2.38 -0.1244 -0.293584
-2.36 -0.130386 -0.305104
-2.34 -0.136606 -0.316927
-2.32 -0.143066 -0.329051
-2.3 -0.14977 -0.341476
-2.28 -0.156727 -0.354202
-2.26 -0.16394 -0.367227
-2.24 -0.171418 -0.380547
-2.22 -0.179164 -0.394161
-2.2 -0.187186 -0.408066
-2.18 -0.195489 -0.422256
-2.16 -0.204078 -0.436727
-2.14 -0.21296 -0.451475
-2.12 -0.222139 -0.466492
-2.1 -0.231621 -0.481772
-2.08 -0.241412 -0.497308
-2.06 -0.251515 -0.513091
-2.04 -0.261937 -0.529112
-2.02 -0.272681 -0.545362
-2 -0.283753 -0.56183
-1.98 -0.295156 -0.578505
-1.96 -0.306894 -0.595375
-1.94 -0.318972 -0.612426
-1.92 -0.331392 -0.629645
-1.9 -0.344159 -0.647018
-1.88 -0.357274 -0.66453
-1.86 -0.370741 -0.682163
-1.84 -0.384561 -0.699901
-1.82 -0.398737 -0.717727
-1.8 -0.413271 -0.735622
-1.78 -0.428163 -0.753566
-1.76 -0.443414 -0.77154
-1.74 -0.459024 -0.789522
-1.72 -0.474994 -0.807491
-1.7 -0.491324 -0.825424
-1.68 -0.508011 -0.843298
-1.66 -0.525055 -0.86109
-1.64 -0.542454 -0.878775
-1.62 -0.560205 -0.896328
-1.6 -0.578306 -0.913723
-1.58 -0.596753 -0.930934
-1.56 -0.615542 -0.947935
-1.54 -0.634669 -0.964696
-1.52 -0.654128 -0.981192
-1.5 -0.673914 -0.997393
-1.48 -0.694022 -1.01327
-1.46 -0.714443 -1.0288
-1.44 -0.735171 -1.04394
-1.42 -0.756198 -1.05868
-1.4 -0.777515 -1.07297
-1.38 -0.799114 -1.08679
-1.36 -0.820984 -1.10012
-1.34 -0.843115 -1.11291
-1.32 -0.865496 -1.12515
-1.3 -0.888117 -1.13679
-1.28 -0.910964 -1.14781
-1.26 -0.934025 -1.15819
-1.24 -0.957287 -1.16789
-1.22 -0.980736 -1.17688
-1.2 -1.00436 -1.18514
-1.18 -1.02814 -1.19264
-1.16 -1.05206 -1.19935
-1.14 -1.0761 -1.20524
-1.12 -1.10026 -1.21029
-1.1 -1.12451 -1.21447
-1.08 -1.14883 -1.21776
-1.06 -1.17321 -1.22014
-1.04 -1.19763 -1.22159
-1.02 -1.22207 -1.22207
-1 -1.24651 -1.22158
-0.98 -1.27093 -1.22009
-0.96 -1.29531 -1.21759
-0.94 -1.31963 -1.21406
-0.92 -1.34386 -1.20948
-0.9 -1.368 -1.20384
-0.88 -1.39201 -1.19713
-0.86 -1.41588 -1.18934
-0.84 -1.43957 -1.18045
-0.82 -1.46309 -1.17047
-0.8 -1.48639 -1.15938
-0.78 -1.50945 -1.14718
-0.76 -1.53227 -1.13388
-0.74 -1.5548 -1.11946
-0.72 -1.57704 -1.10393
-0.7 -1.59895 -1.08729
-0.68 -1.62052 -1.06954
-0.66 -1.64173 -1.0507
-0.64 -1.66254 -1.03078
-0.62 -1.68295 -1.00977
-0.6 -1.70293 -0.987697
-0.58 -1.72245 -0.964572
-0.56 -1.7415 -0.940411
-0.54 -1.76006 -0.915231
-0.52 -1.7781 -0.889052
-0.5 -1.79562 -0.861895
-0.48 -1.81257 -0.833784
-0.46 -1.82896 -0.804743
-0.44 -1.84476 -0.774798
-0.42 -1.85995 -0.743979
-0.4 -1.87451 -0.712314
-0.38 -1.88843 -0.679836
-0.36 -1.9017 -0.646578
-0.34 -1.91429 -0.612573
-0.32 -1.9262 -0.577859
-0.3 -1.9374 -0.542473
-0.28 -1.94789 -0.506452
-0.26 -1.95766 -0.469837
-0.24 -1.96668 -0.43267
-0.22 -1.97496 -0.394992
-0.2 -1.98248 -0.356846
-0.18 -1.98923 -0.318277
-0.16 -1.99521 -0.279329
-0.14 -2.0004 -0.240048
-0.12 -2.00481 -0.200481
-0.1 -2.00842 -0.160674
-0.08 -2.01123 -0.120674
-0.06 -2.01324 -0.0805298
-0.04 -2.01445 -0.0402891
-0.02 -2.01486 -2.97539e-09
0 -2.01445 0.0402891
0.02 -2.01324 0.0805298
0.04 -2.01123 0.120674
0.06 -2.00842 0.160674
0.08 -2.00481 0.200481
0.1 -2.0004 0.240048
0.12 -1.99521 0.279329
0.14 -1.98923 0.318277
0.16 -1.98248 0.356846
0.18 -1.97496 0.394992
0.2 -1.96668 0.43267
0.22 -1.95766 0.469837
0.24 -1.94789 0.506452
0.26 -1.9374 0.542473
0.28 -1.9262 0.577859
0.3 -1.91429 0.612573
0.32 -1.9017 0.646578
0.34 -1.88843 0.679836
0.36 -1.87451 0.712314
0.38 -1.85995 0.743979
0.4 -1.84476 0.774798
0.42 -1.82896 0.804743
0.44 -1.81257 0.833784
0.46 -1.79562 0.861895
0.48 -1.7781 0.889052
0.5 -1.76006 0.915231
0.52 -1.7415 0.940411
0.54 -1.72245 0.964572
0.56 -1.70293 0.987697
0.58 -1.68295 1.00977
0.6 -1.66254 1.03078
0.62 -1.64173 1.0507
0.64 -1.62052 1.06954
0.66 -1.59895 1.08729
0.68 -1.57704 1.10393
0.7 -1.5548 1.11946
0.72 -1.53227 1.13388
0.74 -1.50945 1.14718
0.76 -1.48639 1.15938
0.78 -1.46309 1.17047
0.8 -1.43957 1.18045
0.82 -1.41588 1.18934
0.84 -1.39201 1.19713
0.86 -1.368 1.20384
0.88 -1.34386 1.20948
0.9 -1.31963 1.21406
0.92 -1.29531 1.21759
0.94 -1.27093 1.22009
0.96 -1.24651 1.22158
0.98 -1.22207 1.22207
1 -1.19763 1.22159
1.02 -1.17321 1.22014
1.04 -1.14883 1.21776
1.06 -1.12451 1.21447
1.08 -1.10026 1.21029
1.1 -1.0761 1.20524
1.12 -1.05206 1.19935
1.14 -1.02814 1.19264
1.16 -1.00436 1.18514
1.18 -0.980736 1.17688
1.2 -0.957287 1.16789
1.22 -0.934025 1.15819
1.24 -0.910964 1.14781
1.26 -0.888117 1.13679
1.28 -0.865496 1.12515
1.3 -0.843115 1.11291
1.32 -0.820984 1.10012
1.34 -0.799114 1.08679
1.36 -0.777515 1.07297
1.38 -0.756198 1.05868
1.4 -0.735171 1.04394
1.42 -0.714443 1.0288
1.44 -0.694022 1.01327
1.46 -0.673914 0.997393
1.48 -0.654128 0.981192
1.5 -0.634669 0.964696
1.52 -0.615542 0.947935
1.54 -0.596753 0.930934
1.56 -0.578306 0.913723
1.58 -0.560205 0.896328
1.6 -0.542454 0.878775
1.62 -0.525055 0.86109
1.64 -0.508011 0.843298
1.66 -0.491324 0.825424
1.68 -0.474994 0.807491
1.7 -0.459024 0.789522
1.72 -0.443414 0.77154
1.74 -0.428163 0.753566
1.76 -0.413271 0.735622
1.78 -0.398737 0.717727
1.8 -0.384561 0.699901
1.82 -0.370741 0.682163
1.84 -0.357274 0.66453
1.86 -0.344159 0.647018
1.88 -0.331392 0.629645
1.9 -0.318972 0.612426
1.92 -0.306894 0.595375
1.94 -0.295156 0.578505
1.96 -0.283753 0.56183
1.98 -0.272681 0.545362
2 -0.261937 0.529112
2.02 -0.251515 0.513091
2.04 -0.241412 0.497308
2.06 -0.231621 0.481772
2.08 -0.222139 0.466492
2.1 -0.21296 0.451475
2.12 -0.204078 0.436727
2.14 -0.195489 0.422256
2.16 -0.187186 0.408066
2.18 -0.179164 0.394161
2.2 -0.171418 0.380547
2.22 -0.16394 0.367227
2.24 -0.156727 0.354202
2.26 -0.14977 0.341476
2.28 -0.143066 0.329051
2.3 -0.136606 0.316927
2.32 -0.130387 0.305104
2.34 -0.1244 0.293584
2.36 -0.118641 0.282366
2.38 -0.113103 0.271448
2.4 -0.107781 0.26083
2.42 -0.102668 0.250511
2.44 -0.0977588 0.240487
2.46 -0.0930469 0.230756
2.48 -0.0885266 0.221316
2.5 -0.0841923 0.212164
2.52 -0.0800382 0.203297
2.54 -0.0760586 0.19471
2.56 -0.0722479 0.186399
2.58 -0.0686008 0.178362
2.6 -0.0651117 0.170592
2.62 -0.0617753 0.163087
2.64 -0.0585865 0.15584
2.66 -0.05554 0.148847
2.68 -0.0526309 0.142103
2.7 -0.0498543 0.135603
2.72 -0.0472052 0.129342
2.74 -0.044679 0.123314
2.76 -0.0422711 0.117513
2.78 -0.039977 0.111935
2.8 -0.0377923 0.106574
2.82 -0.0357126 0.101424
2.84 -0.033734 0.0964788
2.86 -0.0318522 0.0917339
2.88 -0.0300633 0.0871832
2.9 -0.0283636 0.0828212
2.92 -0.0267492 0.0786423
2.94 -0.0252167 0.074641
2.96 -0.0237625 0.0708116
2.98 -0.0223831 0.0671488
3 -0.0210754 0.0636472
3.02 -0.0198362 0.0603014
3.04 -0.0186624 0.0571062
3.06 -0.017551 0.0540563
3.08 -0.0164992 0.0511467
3.1 -0.0155042 0.0483724
3.12 -0.0145634 0.0457283
3.14 -0.0136742 0.0432097
3.16 -0.0128342 0.0408119
3.18 -0.012041 0.0385302
3.2 -0.0112923 0.0363601
3.22 -0.0105859 0.0342971
3.24 -0.0099197 0.032337
3.26 -0.00929174 0.0304756
3.28 -0.00870005 0.0287088
3.3 -0.00814278 0.0270326
3.32 -0.00761817 0.0254431
3.34 -0.00712451 0.0239367
3.36 -0.00666017 0.0225096
3.38 -0.00622362 0.0211584
3.4 -0.00581335 0.0198796
3.42 -0.00542797 0.01867
3.44 -0.00506611 0.0175264
3.46 -0.0047265 0.0164457
3.48 -0.00440789 0.0154249
3.5 -0.00410912 0.0144612
3.52 -0.00382908 0.0135518
3.54 -0.0035667 0.0126941
3.56 -0.00332099 0.0118855
3.58 -0.00309097 0.0111236
3.6 -0.00287575 0.010406
3.62 -0.00267445 0.00973051
3.64 -0.00248626 0.00909489
3.66 -0.0023104 0.00849709
3.68 -0.00214614 0.00793512
3.7 -0.00199277 0.00740709
3.72 -0.00184964 0.00691117
3.74 -0.00171612 0.00644563
3.76 -0.00159162 0.0060088
3.78 -0.00147559 0.00559911
3.8 -0.00136749 0.00521503
3.82 -0.00126683 0.00485514
3.84 -0.00117313 0.00451806
3.86 -0.00108596 0.00420247
3.88 -0.0010049 0.00390715
3.9 -0.000929548 0.00363091
3.92 -0.000859542 0.00337262
3.94 -0.000794531 0.00313121
3.96 -0.000734187 0.00290569
3.98 -0.000678204 0.00269508
4 -0.000626291 0.00249847
4.02 -0.000578177 0.002315
4.04 -0.000533609 0.00214386
4.06 -0.000492346 0.00198427
4.08 -0.000454166 0.00183549
4.1 -0.000418859 0.00169683
4.12 -0.00038623 0.00156763
4.14 -0.000356095 0.00144728
4.16 -0.000328283 0.00133519
4.18 -0.000302636 0.0012308
4.2 -0.000279004 0.00113358
4.22 -0.000257248 0.00104305
4.24 -0.00023724 0.000958735
4.26 -0.00021886 0.000880185
4.28 -0.000201997 0.000806986
4.3 -0.000186548 0.000738739
4.32 -0.000172417 0.000675069
4.34 -0.000159517 0.000615617
4.36 -0.000147766 0.000560045
4.38 -0.000137091 0.00050803
4.4 -0.000127424 0.000459265
4.42 -0.000118701 0.000413456
4.44 -0.000110868 0.00037032
4.46 -0.000103872 0.000329589
4.48 -9.76697e-05 0.000290999
4.5 -9.22197e-05 0.0002543
4.52 -8.74868e-05 0.000219244
4.54 -8.34406e-05 0.00018559
4.56 -8.00554e-05 0.000153102
4.58 -7.73103e-05 0.000121543
4.6 -7.51891e-05 9.06803e-05
4.62 -7.36801e-05 6.02772e-05
4.64 -7.27765e-05 3.00952e-05
4.66 -7.24764e-05 -1.09356e-07
4.68 -7.27827e-05 -3.05869e-05
4.7 -7.37034e-05 -6.15971e-05
4.72 -7.52519e-05 -9.3411e-05
4.74 -7.74471e-05 -0.000126314
4.76 -8.03138e-05 -0.000160608
4.78 -8.38828e-05 -0.000196614
4.8 -8.8192e-05 -0.000234678
4.82 -9.32861e-05 -0.000275171
4.84 -9.92177e-05 -0.000318498
4.86 -0.000106048 -0.000365094
4.88 -0.000113846 -0.000415441
4.9 -0.000122694 -0.000470062
4.92 -0.000132681 -0.000529534
4.94 -0.000143912 -0.000594493
4.96 -0.000156502 -0.000665642
4.98 -0.000170584 -0.000743758
5 -0.000186305 -0.000829705
5.02 -0.000203831 -0.000924441
5.04 -0.000223348 -0.00102903
5.06 -0.000245066 -0.00114466
5.08 -0.000269217 -0.00127266
5.1 -0.000296064 -0.00141451
5.12 -0.000325901 -0.00157185
5.14 -0.000359054 -0.00174653
5.16 -0.000395891 -0.00194062
5.18 -0.000436823 -0.00215642
5.2 -0.00048231 -0.00239652
5.22 -0.000532865 -0.00266383
5.24 -0.000589066 -0.0029616
5.26 -0.000651556 -0.00329348
5.28 -0.000721059 -0.00366356
5.3 -0.000798384 -0.00407644
5.32 -0.000884436 -0.00453729
5.34 -0.000980234 -0.00505192
5.36 -0.00108691 -0.00562686
5.38 -0.00120576 -0.00626944
5.4 -0.0013382 -0.00698794
5.42 -0.00148584 -0.00779166
5.44 -0.0016505 -0.00869107
5.46 -0.0018342 -0.00969797
5.48 -0.00203923 -0.0108257
5.5 -0.00226813 -0.0120892
5.52 -0.00252381 -0.0135054
5.54 -0.00280949 -0.0150934
5.56 -0.00312883 -0.0168747
5.58 -0.00348593 -0.0188736
5.6 -0.00388541 -0.0211177
5.62 -0.00433247 -0.0236379
5.64 -0.004833 -0.0264694
5.66 -0.00539359 -0.0296518
5.68 -0.0060217 -0.0332299
5.7 -0.00672576 -0.0372547
5.72 -0.00751525 -0.0417835
5.74 -0.00840089 -0.0468815
5.76 -0.00939479 -0.0526224
5.78 -0.0105106 -0.0590899
5.8 -0.0117639 -0.0663787
5.82 -0.013172 -0.0745963
5.84 -0.0147547 -0.0838645
5.86 -0.0165345 -0.094322
5.88 -0.0185365 -0.106126
5.9 -0.0207896 -0.119454
5.92 -0.0233262 -0.13451
5.94 -0.0261831 -0.151524
5.96 -0.029402 -0.170758
5.98 -0.0330302 -0.192511
6 -0.0371214 -0.217121
6.02 -0.0417366 -0.244975
6.04 -0.046945 -0.276513
6.06 -0.052825 -0.312235
6.08 -0.059466 -0.352712
6.1 -0.0669695 -0.398596
6.12 -0.0754508 -0.450629
6.14 -0.0850412 -0.509658
6.16 -0.0958901 -0.576649
6.18 -0.108168 -0.652706
6.2 -0.122067 -0.739089
6.22 -0.137809 -0.837239
6.24 -0.155646 -0.948801
6.26 -0.175863 -1.07566
6.28 -0.198788 -1.21996
6.3 -0.224794 -1.38418
6.32 -0.254307 -1.57113
6.34 -0.287812 -1.78404
6.36 -0.325866 -2.02661
6.38 -0.369102 -2.30308
6.4 -0.418247 -2.61831
6.42 -0.47413 -2.97788
6.44 -0.5377 -3.38818
6.46 -0.610044 -3.85656
6.48 -0.692405 -4.39143
6.5 -0.786208 -5.00248
6.52 -0.893086 -5.70083
6.54 -1.01491 -6.49926
6.56 -1.15382 -7.41248
6.58 -1.31228 -8.45739
6.6 -1.49312 -9.65345
6.62 -1.69958 -11.0231
6.64 -1.93537 -12.592
6.66 -2.20478 -14.39
6.68 -2.51273 -16.4514
6.7 -2.86485 -18.8155
6.72 -3.26766 -21.5279
6.74 -3.72864 -24.6412
6.76 -4.25639 -28.216
6.78 -4.86082 -32.3224
6.8 -5.55336 -37.0411
6.82 -6.34716 -42.4657
6.84 -7.2574 -48.7041
6.86 -8.30157 -55.8813
6.88 -9.49986 -64.1417
6.9 -10.8756 -73.6526
6.92 -12.4556 -84.6076
6.94 -14.271 -97.2309
6.96 -16.3576 -111.782
6.98 -18.7571 -128.562
7 -21.5173 -147.921
7.02 -24.6938 -170.262
7.04 -28.3508 -196.056
7.06 -32.5626 -225.847
7.08 -37.4155 -260.27
7.1 -43.0091 -300.059
7.12 -49.4592 -346.069
7.14 -56.8999 -399.293
7.16 -65.4867 -460.888
7.18 -75.4001 -532.196
7.2 -86.8496 -614.782
7.22 -100.079 -710.468
7.24 -115.37 -821.375
7.26 -133.051 -949.975
7.28 -153.506 -1099.15
7.3 -177.176 -1272.25
7.32 -204.581 -1473.21
7.34 -236.321 -1706.59
7.36 -273.096 -1977.73
7.38 -315.723 -2292.87
7.4 -365.152 -2659.28
7.42 -422.492 -3085.48
7.44 -489.035 -3581.41
7.46 -566.29 -4158.72
7.48 -656.016 -4831.02
7.5 -760.269 -5614.25
7.52 -881.448 -6527.06
7.54 -1022.36 -7591.33
7.56 -1186.28 -8832.65
7.58 -1377.04 -10281.1
7.6 -1599.13 -11971.8
7.62 -1857.8 -13946.1
7.64 -2159.19 -16252.5
7.66 -2510.49 -18947.9
7.68 -2920.13 -22099.1
7.7 -3398.01 -25784.8
7.72 -3955.7 -30097.1
7.74 -4606.78 -35144.7
7.76 -5367.23 -41055.2
7.78 -6255.74 -47979
7.8 -7294.3 -56092.8
7.82 -8508.75 -65604.9
7.84 -9929.43 -76760.8
7.86 -11592 -89849.5
7.88 -13538.5 -105212
7.9 -15818.3 -123251
7.92 -18489.5 -144440
7.94 -21620.6 -169339
7.96 -25292.2 -198610
7.98 -29599.3 -233034
8 -34654 -273534
8.02 -40588.4 -321201
8.04 -47558.3 -377325
8.06 -55747.8 -443433
8.08 -65374 -521331
8.1 -76693.7 -613159
8.12 -90009.9 -721449
8.14 -105681 -849205
8.16 -124131 -999983
8.18 -145862 -1.178e+06
8.2 -171466 -1.38827e+06
8.22 -201646 -1.63672e+06
8.24 -237236 -1.93041e+06
8.26 -279219 -2.2777e+06
8.28 -328767 -2.68856e+06
8.3 -387263 -3.17479e+06
8.32 -456353 -3.75045e+06
8.34 -537987 -4.43227e+06
8.36 -634482 -5.24013e+06
8.38 -748588 -6.19772e+06
8.4 -883574 -7.33322e+06
8.42 -1.04332e+06 -8.68024e+06
8.44 -1.23246e+06 -1.02788e+07
8.46 -1.45647e+06 -1.21766e+07
8.48 -1.72189e+06 -1.44306e+07
8.5 -2.03651e+06 -1.71086e+07
8.52 -2.4096e+06 -2.02918e+07
8.54 -2.85219e+06 -2.40768e+07
8.56 -3.37744e+06 -2.85793e+07
8.58 -4.00105e+06 -3.39373e+07
8.6 -4.74172e+06 -4.03159e+07
8.62 -5.62178e+06 -4.79125e+07
8.64 -6.66789e+06 -5.69633e+07
8.66 -7.91187e+06 -6.7751e+07
8.68 -9.39173e+06 -8.06138e+07
8.7 -1.11529e+07 -9.5957e+07
8.72 -1.32497e+07 -1.14266e+08
8.74 -1.57472e+07 -1.36123e+08
8.76 -1.87229e+07 -1.62226e+08
8.78 -2.227e+07 -1.93412e+08
8.8 -2.64999e+07 -2.30684e+08
8.82 -3.15459e+07 -2.7525e+08
8.84 -3.7568e+07 -3.28556e+08
8.86 -4.47578e+07 -3.92343e+08
8.88 -5.33453e+07 -4.68701e+08
8.9 -6.36062e+07 -5.60144e+08
8.92 -7.58715e+07 -6.69695e+08
8.94 -9.05386e+07 -8.00991e+08
8.96 -1.08085e+08 -9.58412e+08
8.98 -1.29084e+08 -1.14723e+09
9 -1.54225e+08 -1.3738e+09
9.02 -1.84338e+08 -1.64576e+09
9.04 -2.20419e+08 -1.97236e+09
9.06 -2.63669e+08 -2.36472e+09
9.08 -3.15534e+08 -2.83625e+09
9.1 -3.77754e+08 -3.40318e+09
9.12 -4.52426e+08 -4.08506e+09
9.14 -5.42078e+08 -4.90553e+09
9.16 -6.49758e+08 -5.89313e+09
9.18 -7.79144e+08 -7.0824e+09
9.2 -9.34672e+08 -8.51508e+09
9.22 -1.1217e+09 -1.02417e+10
9.24 -1.3467e+09 -1.23233e+10
9.26 -1.61748e+09 -1.48339e+10
9.28 -1.9435e+09 -1.78631e+10
9.3 -2.33618e+09 -2.15196e+10
9.32 -2.80933e+09 -2.59348e+10
9.34 -3.37968e+09 -3.12685e+10
9.36 -4.06746e+09 -3.77141e+10
9.38 -4.89719e+09 -4.55066e+10
9.4 -5.89857e+09 -5.49311e+10
9.42 -7.10759e+09 -6.63341e+10
9.44 -8.56789e+09 -8.01361e+10
9.46 -1.03324e+10 -9.68487e+10
9.48 -1.24653e+10 -1.17093e+11
9.5 -1.50446e+10 -1.41627e+11
9.52 -1.8165e+10 -1.71369e+11
9.54 -2.19414e+10 -2.07439e+11
9.56 -2.65137e+10 -2.51203e+11
9.58 -3.20518e+10 -3.04321e+11
9.6 -3.87622e+10 -3.68818e+11
9.62 -4.68965e+10 -4.47164e+11
9.64 -5.67608e+10 -5.42369e+11
9.66 -6.87278e+10 -6.58107e+11
9.68 -8.32514e+10 -7.98863e+11
9.7 -1.00885e+11 -9.70111e+11
9.72 -1.22303e+11 -1.17854e+12
9.74 -1.48328e+11 -1.43232e+12
9.76 -1.79964e+11 -1.74145e+12
9.78 -2.18435e+11 -2.11814e+12
9.8 -2.65238e+11 -2.57734e+12
9.82 -3.22198e+11 -3.13734e+12
9.84 -3.9155e+11 -3.82056e+12
9.86 -4.76022e+11 -4.65441e+12
9.88 -5.78951e+11 -5.67253e+12
9.9 -7.04421e+11 -6.91611e+12
9.92 -8.5743e+11 -8.4357e+12
9.94 -1.0441e+12 -1.02933e+13
9.96 -1.27191e+12 -1.25649e+13
9.98 -1.55007e+12 -1.53441e+13
