0 0.781863 -0.0707107
1 0.771269 -0.14092
2 0.753691 -0.210117
3 0.729258 -0.277781
4 0.698148 -0.34337
5 0.660597 -0.406326
6 0.616897 -0.466068
7 0.567397 -0.522002
8 0.51251 -0.573527
9 0.452705 -0.620045
10 0.388514 -0.660976
11 0.320522 -0.695779
12 0.249369 -0.723965
13 0.175739 -0.745121
14 0.100352 -0.758925
15 0.0239589 -0.765162
16 -0.0526771 -0.763732
17 -0.128787 -0.754658
18 -0.203611 -0.738083
19 -0.276408 -0.714262
20 -0.34647 -0.683555
21 -0.413127 -0.646403
22 -0.47576 -0.603316
23 -0.533802 -0.554855
24 -0.586743 -0.501605
25 -0.634135 -0.444169
26 -0.67559 -0.383147
27 -0.710778 -0.319128
28 -0.739428 -0.252684
29 -0.761327 -0.18437
30 -0.776315 -0.114717
31 -0.784283 -0.0442434
32 -0.785176 0.0265448
33 -0.778987 0.0971459
34 -0.76576 0.167055
35 -0.745589 0.235759
36 -0.718621 0.302729
37 -0.685056 0.367417
38 -0.645151 0.429255
39 -0.599219 0.487658
40 -0.547633 0.542028
41 -0.490827 0.591762
42 -0.429294 0.636268
43 -0.363586 0.674978
44 -0.29431 0.707367
45 -0.222123 0.732972
46 -0.147724 0.751414
47 -0.0718467 0.762407
48 0.0047529 0.765779
49 0.081307 0.761476
50 0.157048 0.749566
51 0.231223 0.730236
52 0.303101 0.703781
53 0.371986 0.670594
54 0.437229 0.631144
55 0.498226 0.585964
56 0.554433 0.535624
57 0.605363 0.48072
58 0.65059 0.421855
59 0.689747 0.359624
60 0.722528 0.294613
61 0.748683 0.227387
62 0.768018 0.158491
63 0.780393 0.0884524
64 0.785721 0.0177829
65 0.783963 -0.0530134
66 0.775131 -0.123435
67 0.759288 -0.192973
68 0.736549 -0.261111
69 0.707079 -0.327312
70 0.6711 -0.39102
71 0.628889 -0.451662
72 0.580781 -0.508646
73 0.527173 -0.56137
74 0.468521 -0.609234
75 0.40534 -0.651652
76 0.338203 -0.68807
77 0.267737 -0.717985
78 0.194615 -0.740962
79 0.119552 -0.756653
80 0.0432907 -0.764816
81 -0.0334073 -0.765321
82 -0.109772 -0.75816
83 -0.185041 -0.743446
84 -0.258465 -0.721407
85 -0.329328 -0.692377
86 -0.396949 -0.656781
87 -0.460694 -0.615113
88 -0.519982 -0.567922
89 -0.57429 -0.515792
90 -0.623153 -0.459321
91 -0.666167 -0.399112
92 -0.702988 -0.335758
93 -0.733332 -0.269836
94 -0.756969 -0.201905
95 -0.773725 -0.132503
96 -0.783482 -0.0621497
97 -0.786168 0.00864515
98 -0.781765 0.0793797
99 -0.770305 0.149551
100 -0.751868 0.218648
101 -0.726588 0.286145
102 -0.694652 0.351502
103 -0.656301 0.414153
104 -0.611835 0.473519
105 -0.561611 0.529002
106 -0.506048 0.58
107 -0.445624 0.625916
108 -0.380878 0.666173
109 -0.312402 0.700235
110 -0.240842 0.727619
111 -0.166887 0.747923
112 -0.0912642 0.760836
113 -0.0147249 0.766156
114 0.0619643 0.763798
115 0.138034 0.753799
116 0.212726 0.736317
117 0.285302 0.711621
118 0.355057 0.68008
119 0.421327 0.642148
120 0.483497 0.598343
121 0.541007 0.549227
122 0.593355 0.495393
123 0.640098 0.437442
124 0.680856 0.375975
125 0.715306 0.31158
126 0.743185 0.244827
127 0.764285 0.176267
128 0.778451 0.106431
129 0.785583 0.0358358
130 0.785631 -0.0350146
131 0.778593 -0.105618
132 0.76452 -0.175469
133 0.743512 -0.244052
134 0.715722 -0.310836
135 0.681358 -0.375272
136 0.640682 -0.436788
137 0.594014 -0.494798
138 0.541736 -0.5487
139 0.484288 -0.597892
140 0.422171 -0.641784
141 0.355943 -0.67981
142 0.28622 -0.711452
143 0.213663 -0.736256
144 0.138977 -0.753849
145 0.0628998 -0.76396
146 -0.0138104 -0.76643
147 -0.0903843 -0.761219
148 -0.166055 -0.74841
149 -0.240069 -0.728202
150 -0.311701 -0.700905
151 -0.380258 -0.666921
152 -0.445094 -0.62673
153 -0.505614 -0.580869
154 -0.56128 -0.529914
155 -0.61161 -0.474463
156 -0.656185 -0.415119
157 -0.694646 -0.352477
158 -0.726694 -0.287122
159 -0.752084 -0.219616
160 -0.77063 -0.150502
161 -0.782197 -0.0803052
162 -0.786703 -0.00953699
163 -0.784117 0.0612996
164 -0.774456 0.131702
165 -0.757789 0.201163
166 -0.734236 0.26916
167 -0.70397 0.335157
168 -0.667218 0.398596
169 -0.624264 0.458898
170 -0.575452 0.515471
171 -0.521184 0.567713
172 -0.461923 0.615022
173 -0.398192 0.656816
174 -0.330572 0.692543
175 -0.259695 0.721708
176 -0.18624 0.743883
177 -0.110926 0.758732
178 -0.0344993 0.766025
179 0.0422756 0.765645
180 0.118629 0.757598
181 0.193797 0.74201
182 0.267035 0.719125
183 0.337628 0.689288
184 0.404901 0.652931
185 0.468224 0.610559
186 0.527023 0.562726
187 0.580781 0.510018
188 0.62904 0.453037
189 0.671402 0.392384
190 0.707529 0.328651
191 0.737145 0.262415
192 0.760025 0.194232
193 0.776004 0.124637
194 0.784966 0.0541506
195 0.786847 -0.0167207
196 0.781634 -0.0874747
197 0.769364 -0.157608
198 0.750125 -0.226607
199 0.724056 -0.293947
200 0.691349 -0.359082
201 0.652253 -0.421446
202 0.607073 -0.480456
203 0.556175 -0.535513
204 0.499984 -0.586015
205 0.438986 -0.631364
206 0.373724 -0.670988
207 0.3048 -0.704353
208 0.232864 -0.730986
209 0.158612 -0.750492
210 0.0827728 -0.762571
211 0.00610234 -0.767034
212 -0.0706316 -0.76381
213 -0.14666 -0.752949
214 -0.221224 -0.734622
215 -0.293589 -0.709112
216 -0.363053 -0.676798
217 -0.428957 -0.638143
218 -0.490692 -0.59367
219 -0.547703 -0.54395
220 -0.599494 -0.489575
221 -0.645631 -0.431148
222 -0.685737 -0.36927
223 -0.719498 -0.304528
224 -0.746655 -0.23749
225 -0.767008 -0.168704
226 -0.780409 -0.0987007
227 -0.786761 -0.0279939
228 -0.78602 0.0429119
229 -0.778191 0.113515
230 -0.76333 0.183309
231 -0.741542 0.251777
232 -0.712988 0.318386
233 -0.677878 0.382583
234 -0.636484 0.443796
235 -0.589133 0.501434
236 -0.536211 0.554896
237 -0.478167 0.60358
238 -0.415509 0.646895
239 -0.348801 0.684281
240 -0.278664 0.715223
241 -0.205766 0.739275
242 -0.130817 0.756076
243 -0.0545573 0.765364
244 0.0222517 0.766992
245 0.0988397 0.760936
246 0.17444 0.74729
247 0.248301 0.726268
248 0.319699 0.698189
249 0.387947 0.663467
250 0.452402 0.622588
251 0.512475 0.576097
252 0.567633 0.524574
253 0.617402 0.468618
254 0.661369 0.408831
255 0.699182 0.345811
256 0.730545 0.280138
257 0.755222 0.212374
258 0.773032 0.14306
259 0.783847 0.0727186
260 0.787589 0.00186071
261 0.784231 -0.0690113
262 0.773799 -0.139395
263 0.756365 -0.20878
264 0.732056 -0.276645
265 0.701049 -0.34245
266 0.663579 -0.405634
267 0.619936 -0.465618
268 0.570469 -0.521806
269 0.515588 -0.573595
270 0.455764 -0.620384
271 0.391525 -0.661593
272 0.323457 -0.696675
273 0.252201 -0.725138
274 0.178439 -0.746565
275 0.102895 -0.760629
276 0.0263186 -0.767111
277 -0.0505241 -0.765908
278 -0.126862 -0.757037
279 -0.201933 -0.74064
280 -0.274995 -0.71697
281 -0.345334 -0.686384
282 -0.41228 -0.649324
283 -0.475209 -0.606302
284 -0.533551 -0.557875
285 -0.586796 -0.504634
286 -0.634491 -0.447181
287 -0.676245 -0.386119
288 -0.711728 -0.322038
289 -0.740666 -0.255513
290 -0.762843 -0.187097
291 -0.778098 -0.117326
292 -0.786321 -0.0467171
293 -0.787454 0.0242236
294 -0.781489 0.094994
295 -0.768468 0.16509
296 -0.748483 0.233997
297 -0.721681 0.301188
298 -0.688259 0.366115
299 -0.648472 0.42821
300 -0.602631 0.486887
301 -0.551108 0.541546
302 -0.494335 0.591583
303 -0.432805 0.636404
304 -0.367067 0.675436
305 -0.297729 0.708152
306 -0.225447 0.734084
307 -0.150921 0.752847
308 -0.0748847 0.76415
309 0.00190439 0.767817
310 0.0786766 0.763789
311 0.154663 0.752129
312 0.229105 0.73302
313 0.301272 0.706756
314 0.370464 0.673727
315 0.436026 0.634404
316 0.497355 0.589316
317 0.553901 0.539037
318 0.605175 0.484164
319 0.650746 0.425299
320 0.690247 0.363043
321 0.723368 0.297981
322 0.749857 0.23068
323 0.769517 0.161687
324 0.782207 0.0915302
325 0.787836 0.0207217
326 0.786364 -0.0502342
327 0.777801 -0.120835
328 0.762209 -0.190575
329 0.739699 -0.258935
330 0.710435 -0.32538
331 0.674636 -0.389354
332 0.632578 -0.450283
333 0.584593 -0.507575
334 0.531077 -0.560627
335 0.472482 -0.608837
336 0.409322 -0.651615
337 0.342171 -0.688405
338 0.271653 -0.718696
339 0.198442 -0.74205
340 0.123251 -0.758114
341 0.0468247 -0.766638
342 -0.0300732 -0.767488
343 -0.106672 -0.760648
344 -0.182204 -0.746228
345 -0.255921 -0.724453
346 -0.327101 -0.695652
347 -0.395059 -0.660248
348 -0.45916 -0.618737
349 -0.518817 -0.571666
350 -0.573505 -0.519619
351 -0.622754 -0.463197
352 -0.666157 -0.403004
353 -0.703368 -0.339636
354 -0.734097 -0.273671
355 -0.758115 -0.20567
356 -0.775244 -0.136171
357 -0.785362 -0.0656974
358 -0.788396 0.0052426
359 -0.784326 0.0761465
360 -0.773179 0.146511
361 -0.755036 0.215826
362 -0.730027 0.283568
363 -0.698335 0.349194
364 -0.660201 0.412141
365 -0.615921 0.471828
366 -0.565849 0.527658
367 -0.510403 0.579026
368 -0.450058 0.625332
369 -0.38535 0.665998
370 -0.31687 0.70048
371 -0.245264 0.728293
372 -0.171221 0.749027
373 -0.0954664 0.762364
374 -0.0187534 0.768095
375 0.0581499 0.76613
376 0.134472 0.7565
377 0.209452 0.739355
378 0.282348 0.714962
379 0.352451 0.683686
380 0.419094 0.645978
381 0.481657 0.602357
382 0.539576 0.553384
383 0.592346 0.499653
384 0.639519 0.441767
385 0.680712 0.380328
386 0.715598 0.315927
387 0.743911 0.249137
388 0.765438 0.180508
389 0.780025 0.110575
390 0.787566 0.0398532
391 0.788008 -0.031151
392 0.781348 -0.101936
393 0.767633 -0.171997
394 0.746962 -0.240819
395 0.719483 -0.307872
396 0.6854 -0.372606
397 0.644975 -0.434451
398 0.598524 -0.492819
399 0.546425 -0.547109
400 0.489116 -0.596716
401 0.427095 -0.641046
402 0.360919 -0.679531
403 0.291201 -0.711646
404 0.2186 -0.73693
405 0.143823 -0.755006
406 0.0676059 -0.765593
407 -0.00929117 -0.768525
408 -0.0860972 -0.763755
409 -0.162043 -0.751359
410 -0.236372 -0.73153
411 -0.308354 -0.704573
412 -0.377294 -0.670887
413 -0.442541 -0.630949
414 -0.503494 -0.585296
415 -0.559611 -0.534505
416 -0.610408 -0.479174
417 -0.655459 -0.419907
418 -0.694402 -0.357304
419 -0.726933 -0.291948
420 -0.752805 -0.224407
421 -0.771827 -0.155223
422 -0.783862 -0.0849247
423 -0.788824 -0.0140227
424 -0.786679 0.0569793
425 -0.777441 0.127579
426 -0.761176 0.197269
427 -0.738 0.265529
428 -0.708083 0.331821
429 -0.671649 0.39559
430 -0.628979 0.456258
431 -0.580412 0.51323
432 -0.526347 0.565903
433 -0.467245 0.613674
434 -0.403625 0.655957
435 -0.336066 0.692195
436 -0.265197 0.721886
437 -0.191698 0.744597
438 -0.116286 0.759982
439 -0.0397073 0.767803
440 0.0372714 0.767935
441 0.113879 0.760375
442 0.189348 0.745244
443 0.262931 0.722776
444 0.333909 0.693313
445 0.401602 0.657284
446 0.465376 0.615192
447 0.524651 0.567589
448 0.578906 0.515062
449 0.627676 0.458214
450 0.670561 0.397648
451 0.707219 0.33396
452 0.737366 0.267728
453 0.760777 0.199509
454 0.777281 0.129841
455 0.786758 0.0592458
456 0.789143 -0.0117698
457 0.784417 -0.0827033
458 0.772614 -0.153051
459 0.753819 -0.222302
460 0.728167 -0.28993
461 0.695846 -0.355392
462 0.657102 -0.418121
463 0.612236 -0.477535
464 0.561609 -0.533035
465 0.505642 -0.584015
466 0.444819 -0.629877
467 0.37968 -0.670043
468 0.310822 -0.703974
469 0.238896 -0.731188
470 0.164594 -0.751284
471 0.0886462 -0.763953
472 0.0118082 -0.768996
473 -0.0651504 -0.766332
474 -0.141458 -0.756004
475 -0.216353 -0.738174
476 -0.289098 -0.713117
477 -0.358984 -0.68121
478 -0.425348 -0.64291
479 -0.487576 -0.598739
480 -0.545107 -0.549267
481 -0.597442 -0.495088
482 -0.644138 -0.436806
483 -0.684816 -0.375023
484 -0.719156 -0.310329
485 -0.746895 -0.243294
486 -0.767827 -0.174471
487 -0.781801 -0.104388
488 -0.788717 -0.0335629
489 -0.788527 0.0375003
490 -0.78123 0.1083
491 -0.766879 0.178329
492 -0.745577 0.247074
493 -0.717477 0.314
494 -0.68279 0.378558
495 -0.641779 0.440174
496 -0.594769 0.498259
497 -0.542141 0.55221
498 -0.48434 0.601423
499 -0.42187 0.645304
500 -0.355292 0.683286
501 -0.285224 0.71485
502 -0.212333 0.73954
503 -0.137325 0.756986
504 -0.0609419 0.766917
505 0.0160543 0.769176
506 0.0928916 0.763728
507 0.168801 0.750657
508 0.243026 0.73017
509 0.31484 0.702579
510 0.38355 0.668292
511 0.448508 0.627794
512 0.509119 0.581625
513 0.564845 0.530366
514 0.615205 0.474616
515 0.659781 0.414982
516 0.698214 0.352062
517 0.730206 0.286438
518 0.755515 0.218676
519 0.773954 0.149318
520 0.785391 0.0788888
521 0.789744 0.0079003
522 0.786984 -0.0631448
523 0.777128 -0.133744
524 0.760247 -0.203389
525 0.736463 -0.271559
526 0.705949 -0.337714
527 0.668933 -0.401296
528 0.625703 -0.461724
529 0.576602 -0.518404
530 0.522036 -0.570731
531 0.46247 -0.618102
532 0.398429 -0.659931
533 0.330496 -0.695667
534 0.259307 -0.724809
535 0.185544 -0.746931
536 0.109928 -0.761696
537 0.03321 -0.768874
538 -0.0438435 -0.768351
539 -0.120459 -0.760134
540 -0.195872 -0.744354
541 -0.269334 -0.721255
542 -0.340129 -0.691188
543 -0.40758 -0.65459
544 -0.471057 -0.611968
545 -0.529985 -0.56388
546 -0.583845 -0.510916
547 -0.632181 -0.453679
548 -0.674594 -0.392774
549 -0.710749 -0.328794
550 -0.740366 -0.262317
551 -0.763225 -0.193899
552 -0.779159 -0.124076
553 -0.788053 -0.0533679
554 -0.789845 0.0177181
555 -0.784522 0.0886801
556 -0.772121 0.159014
557 -0.752731 0.228208
558 -0.726492 0.295734
559 -0.693598 0.361047
560 -0.654297 0.423579
561 -0.608896 0.482745
562 -0.557761 0.537945
563 -0.50132 0.588573
564 -0.44006 0.63403
565 -0.374527 0.673741
566 -0.305324 0.707169
567 -0.233104 0.733838
568 -0.158565 0.753353
569 -0.0824402 0.765414
570 -0.00548713 0.769829
571 0.0715232 0.766529
572 0.147819 0.755567
573 0.222639 0.737113
574 0.295246 0.711454
575 0.364937 0.678972
576 0.43105 0.640133
577 0.492974 0.595465
578 0.550154 0.545538
579 0.602094 0.490951
580 0.648357 0.432308
581 0.688569 0.370212
582 0.722413 0.30525
583 0.749632 0.237993
584 0.770024 0.16899
585 0.783442 0.0987709
586 0.789791 0.0278496
587 0.789025 -0.0432689
588 0.78115 -0.114083
589 0.766221 -0.184086
590 0.744345 -0.252762
591 0.715681 -0.319576
592 0.680443 -0.383975
593 0.6389 -0.445385
594 0.59138 -0.503214
595 0.538271 -0.556859
596 0.480022 -0.605714
597 0.417141 -0.649186
598 0.350197 -0.686713
599 0.27981 -0.717776
600 0.206652 -0.741927
601 0.131433 -0.758802
602 0.0548978 -0.768138
603 -0.0221903 -0.769787
604 -0.099058 -0.763722
605 -0.174936 -0.750041
606 -0.24907 -0.728957
607 -0.320733 -0.700791
608 -0.389236 -0.66596
609 -0.453934 -0.624952
610 -0.514237 -0.578316
611 -0.569609 -0.526632
612 -0.619576 -0.470503
613 -0.663723 -0.410535
614 -0.701696 -0.347326
615 -0.733201 -0.281458
616 -0.758 -0.213494
617 -0.775912 -0.143975
618 -0.786808 -0.0734267
619 -0.79061 -0.00235764
620 -0.787292 0.0687289
621 -0.776877 0.13933
622 -0.759439 0.208938
623 -0.735102 0.277028
624 -0.704046 0.34306
625 -0.666504 0.406474
626 -0.622765 0.466688
627 -0.57318 0.523105
628 -0.518158 0.57512
629 -0.458169 0.62213
630 -0.393745 0.66355
631 -0.325472 0.69883
632 -0.25399 0.727476
633 -0.179986 0.749067
634 -0.104184 0.763272
635 -0.027337 0.769869
636 0.0497865 0.768753
637 0.126413 0.759942
638 0.201777 0.743575
639 0.275132 0.719906
640 0.345765 0.689293
641 0.412999 0.65218
642 0.476211 0.609079
643 0.534826 0.560553
644 0.588333 0.507193
645 0.636278 0.449604
646 0.678267 0.38839
647 0.713969 0.324145
648 0.743109 0.257445
649 0.765471 0.188845
650 0.780891 0.11888
651 0.789259 0.0480675
652 0.790517 -0.0230848
653 0.784655 -0.0940752
654 0.771714 -0.1644
655 0.751788 -0.233545
656 0.725018 -0.300982
657 0.691604 -0.366163
658 0.651799 -0.428519
659 0.605914 -0.487464
660 0.55432 -0.542395
661 0.497449 -0.592707
662 0.435792 -0.6378
663 0.369902 -0.677101
664 0.300384 -0.710077
665 0.227897 -0.736256
666 0.153142 -0.755249
667 0.0768539 -0.766761
668 -0.000206075 -0.770612
669 -0.0772662 -0.766739
670 -0.153554 -0.755204
671 -0.22831 -0.73619
672 -0.300797 -0.709987
673 -0.370314 -0.676988
674 -0.436204 -0.637663
675 -0.497857 -0.592545
676 -0.554724 -0.542209
677 -0.606312 -0.487253
678 -0.652188 -0.428284
679 -0.691981 -0.365903
680 -0.725381 -0.300699
681 -0.752134 -0.23324
682 -0.772042 -0.164073
683 -0.784961 -0.0937273
684 -0.7908 -0.0227168
685 -0.789517 0.0484547
686 -0.781122 0.119285
687 -0.765673 0.189268
688 -0.743281 0.257885
689 -0.714109 0.324601
690 -0.678374 0.38886
691 -0.63635 0.450087
692 -0.58837 0.507689
693 -0.534826 0.56106
694 -0.476172 0.609596
695 -0.41292 0.652704
696 -0.345644 0.689823
697 -0.274967 0.720439
698 -0.201566 0.744106
699 -0.126154 0.760468
700 -0.0494782 0.76927
701 0.0276961 0.770372
702 0.104595 0.763755
703 0.180448 0.749525
704 0.254503 0.727905
705 0.326035 0.699224
706 0.394356 0.663903
707 0.458825 0.622439
708 0.518855 0.575381
709 0.573913 0.523315
710 0.62353 0.466844
711 0.667295 0.406574
712 0.704858 0.343104
713 0.735929 0.277015
714 0.760274 0.208867
715 0.777715 0.139202
716 0.788127 0.0685423
717 0.791436 -0.00260235
718 0.787619 -0.0737295
719 0.776703 -0.144336
720 0.758764 -0.213913
721 0.733933 -0.281936
722 0.70239 -0.347862
723 0.664374 -0.411129
724 0.620178 -0.471154
725 0.570157 -0.527339
726 0.514724 -0.579077
727 0.454355 -0.625766
728 0.389584 -0.666822
729 0.321003 -0.701698
730 0.249255 -0.729902
731 0.175032 -0.751017
732 0.0990593 -0.764722
733 0.0220926 -0.770801
734 -0.0550979 -0.769156
735 -0.131738 -0.759814
736 -0.207063 -0.742923
737 -0.280327 -0.718744
738 -0.350818 -0.687642
739 -0.417864 -0.650067
740 -0.480842 -0.606538
741 -0.539183 -0.557618
742 -0.592378 -0.503902
743 -0.639976 -0.445997
744 -0.68159 -0.384505
745 -0.71689 -0.320021
746 -0.745607 -0.253119
747 -0.767527 -0.184353
748 -0.78249 -0.114257
749 -0.790391 -0.043348
750 -0.791173 0.0278672
751 -0.78483 0.0988869
752 -0.771408 0.169207
753 -0.751001 0.238312
754 -0.723758 0.305673
755 -0.68988 0.370741
756 -0.649624 0.432945
757 -0.603305 0.491696
758 -0.551298 0.546391
759 -0.49404 0.596424
760 -0.432027 0.641196
761 -0.365814 0.680135
762 -0.296012 0.71271
763 -0.223282 0.738455
764 -0.148329 0.756983
765 -0.0718922 0.768009
766 0.00526785 0.771357
767 0.0823772 0.766975
768 0.158663 0.754932
769 0.233366 0.735417
770 0.305752 0.70873
771 0.37512 0.67527
772 0.440815 0.635511
773 0.502233 0.589992
774 0.558825 0.539289
775 0.610103 0.484003
776 0.655638 0.424742
777 0.695064 0.362106
778 0.728073 0.296682
779 0.754414 0.229039
780 0.773893 0.159723
781 0.786371 0.0892615
782 0.791758 0.0181675
783 0.790017 -0.0530553
784 0.78116 -0.123905
785 0.765249 -0.193874
786 0.742398 -0.262443
787 0.712773 -0.329076
788 0.676596 -0.393216
789 0.634143 -0.454285
790 0.585752 -0.511689
791 0.531819 -0.564822
792 0.472802 -0.613078
793 0.409217 -0.655866
794 0.341641 -0.692626
795 0.270703 -0.722847
796 0.197081 -0.746088
797 0.121493 -0.761998
798 0.0446877 -0.770328
799 -0.0325685 -0.770945
800 -0.1095 -0.76384
801 -0.185338 -0.749124
802 -0.259329 -0.727028
803 -0.330749 -0.697889
804 -0.398915 -0.662134
805 -0.463186 -0.620264
806 -0.522978 -0.572831
807 -0.577764 -0.520424
808 -0.627076 -0.463648
809 -0.670507 -0.403109
810 -0.707711 -0.339404
811 -0.7384 -0.273114
812 -0.762346 -0.2048
813 -0.779373 -0.135001
814 -0.789359 -0.0642392
815 -0.792234 0.00697686
816 -0.787976 0.0781447
817 -0.776617 0.148761
818 -0.758237 0.218316
819 -0.732967 0.286284
820 -0.700993 0.352121
821 -0.662556 0.415263
822 -0.617954 0.475126
823 -0.567545 0.531111
824 -0.511746 0.582609
825 -0.451037 0.629019
826 -0.385955 0.669757
827 -0.317097 0.704279
828 -0.24511 0.732095
829 -0.170687 0.752795
830 -0.0945587 0.76606
831 -0.0174806 0.771683
832 0.0597751 0.769573
833 0.136434 0.759763
834 0.21173 0.742409
835 0.28492 0.71778
836 0.355293 0.686247
837 0.422178 0.648265
838 0.484956 0.604355
839 0.543061 0.555086
840 0.595985 0.501055
841 0.643284 0.442867
842 0.684572 0.381127
843 0.719523 0.316428
844 0.74787 0.249344
845 0.769404 0.180427
846 0.783969 0.110211
847 0.791459 0.0392128
848 0.791824 -0.0320628
849 0.785059 -0.103114
850 0.771214 -0.173435
851 0.750385 -0.242511
852 0.722724 -0.309811
853 0.688436 -0.374784
854 0.647781 -0.436859
855 0.601078 -0.495445
856 0.548706 -0.549938
857 0.491104 -0.599731
858 0.428773 -0.644226
859 0.362272 -0.682851
860 0.292215 -0.715078
861 0.219266 -0.740444
862 0.144134 -0.758568
863 0.0675595 -0.769168
864 -0.00969483 -0.772078
865 -0.0868542 -0.76725
866 -0.163145 -0.754761
867 -0.237809 -0.734807
868 -0.310112 -0.707696
869 -0.379356 -0.67383
870 -0.444887 -0.633689
871 -0.506105 -0.587816
872 -0.562462 -0.536789
873 -0.613475 -0.481211
874 -0.658717 -0.421689
875 -0.697826 -0.358825
876 -0.730496 -0.293206
877 -0.75648 -0.225397
878 -0.775588 -0.155945
879 -0.787682 -0.0853772
880 -0.792676 -0.0142047
881 -0.790535 0.0570685
882 -0.781275 0.127941
883 -0.76496 0.197903
884 -0.741707 0.266437
885 -0.711685 0.333003
886 -0.675119 0.397045
887 -0.63229 0.457982
888 -0.583537 0.515219
889 -0.52926 0.568149
890 -0.469921 0.616166
891 -0.40604 0.65868
892 -0.338197 0.695131
893 -0.267025 0.725011
894 -0.193205 0.747884
895 -0.117456 0.763402
896 -0.0405302 0.771323
897 0.0368047 0.771519
898 0.113773 0.763988
899 0.189604 0.74885
900 0.263546 0.726339
901 0.334878 0.6968
902 0.402915 0.660665
903 0.467021 0.618438
904 0.526613 0.570676
905 0.581168 0.51797
906 0.63022 0.460923
907 0.673366 0.400145
908 0.710262 0.336232
909 0.740625 0.269763
910 0.764228 0.201299
911 0.780898 0.131378
912 0.790516 0.060521
913 0.793014 -0.0107632
914 0.788376 -0.0819726
915 0.776632 -0.152604
916 0.757867 -0.222146
917 0.732216 -0.290072
918 0.699866 -0.355839
919 0.661062 -0.418879
920 0.616104 -0.478608
921 0.565354 -0.534425
922 0.509233 -0.585721
923 0.448223 -0.631894
924 0.382867 -0.672362
925 0.313763 -0.706581
926 0.241562 -0.734066
927 0.166959 -0.754409
928 0.0906871 -0.767297
929 0.0135046 -0.772527
930 -0.0638156 -0.770015
931 -0.140498 -0.759801
932 -0.215778 -0.742047
933 -0.288912 -0.717028
934 -0.359191 -0.685119
935 -0.425945 -0.646782
936 -0.488557 -0.602541
937 -0.546464 -0.552967
938 -0.599163 -0.498658
939 -0.646209 -0.440222
940 -0.68722 -0.378263
941 -0.721875 -0.313373
942 -0.749908 -0.246126
943 -0.771113 -0.177073
944 -0.785335 -0.106748
945 -0.792475 -0.0356651
946 -0.792481 0.0356692
947 -0.785353 0.106754
948 -0.771143 0.177083
949 -0.74995 0.246141
950 -0.721927 0.313395
951 -0.687284 0.378294
952 -0.646282 0.440265
953 -0.599245 0.498715
954 -0.546553 0.553041
955 -0.48865 0.602633
956 -0.42604 0.646895
957 -0.359284 0.685256
958 -0.289 0.717189
959 -0.215856 0.742233
960 -0.140562 0.760013
961 -0.0638604 0.770251
962 0.0134838 0.772785
963 0.0906949 0.767575
964 0.167 0.754704
965 0.241639 0.734373
966 0.31388 0.706895
967 0.383025 0.672678
968 0.448425 0.632208
969 0.509478 0.586027
970 0.565642 0.534718
971 0.616434 0.478884
972 0.661431 0.419134
973 0.700274 0.35607
974 0.732659 0.290276
975 0.758342 0.222319
976 0.777135 0.152745
977 0.788903 0.0820781
978 0.793563 0.0108314
979 0.791082 -0.0604922
980 0.781477 -0.131391
981 0.764817 -0.201356
982 0.741219 -0.269866
983 0.710857 -0.336384
984 0.673956 -0.400348
985 0.630801 -0.46118
986 0.581734 -0.518281
987 0.527158 -0.571045
988 0.467538 -0.618865
989 0.403398 -0.661151
990 0.33532 -0.697344
991 0.263941 -0.72694
992 0.189942 -0.749503
993 0.114048 -0.764691
994 0.0370097 -0.772265
995 -0.0404018 -0.772104
996 -0.11741 -0.764212
997 -0.193246 -0.748713
998 -0.267157 -0.725849
999 -0.338422 -0.695967
1000 -0.406358 -0.659506
1001 -0.470333 -0.616972
1002 -0.529764 -0.568926
1003 -0.58413 -0.515959
1004 -0.632968 -0.458678
1005 -0.675879 -0.397691
1006 -0.71252 -0.333593
1007 -0.74261 -0.266966
1008 -0.765926 -0.198368
1009 -0.782297 -0.128336
1010 -0.791606 -0.0573909
1011 -0.793787 0.0139587
1012 -0.788826 0.0852111
1013 -0.776758 0.155863
1014 -0.757666 0.225402
1015 -0.73169 0.293302
1016 -0.699019 0.359016
1017 -0.6599 0.421979
1018 -0.614637 0.481602
1019 -0.563594 0.537284
1020 -0.507194 0.588417
1021 -0.445924 0.634398
1022 -0.380328 0.674644
1023 -0.311007 0.708613
1024 -0.238616 0.735824
1025 -0.163852 0.755869
1026 -0.087449 0.768442
1027 -0.0101682 0.773342
1028 0.0672169 0.770493
1029 0.14393 0.759939
1030 0.219207 0.741846
1031 0.292304 0.716496
1032 0.362513 0.684268
1033 0.429167 0.645628
1034 0.491649 0.601104
1035 0.549399 0.551268
1036 0.601915 0.49672
1037 0.648756 0.438068
1038 0.689542 0.375918
1039 0.723953 0.310861
1040 0.751727 0.243469
1041 0.772659 0.174295
1042 0.786599 0.103869
1043 0.793446 0.032708
1044 0.793153 -0.0386841
1045 0.785721 -0.109805
1046 0.771204 -0.18015
1047 0.749704 -0.249201
1048 0.721377 -0.316426
1049 0.686432 -0.381271
1050 0.645136 -0.443164
1051 0.597814 -0.501509
1052 0.544848 -0.555703
1053 0.486687 -0.605136
1054 0.423835 -0.64921
1055 0.356857 -0.687356
1056 0.286375 -0.719049
1057 0.213058 -0.74383
1058 0.137617 -0.761327
1059 0.0607989 -0.771265
1060 -0.0166315 -0.773489
1061 -0.0938972 -0.767961
1062 -0.170224 -0.75477
1063 -0.244854 -0.734123
1064 -0.317055 -0.706338
1065 -0.38613 -0.671825
1066 -0.451429 -0.631075
1067 -0.512355 -0.584632
1068 -0.568367 -0.533083
1069 -0.618984 -0.47703
1070 -0.663786 -0.417083
1071 -0.702414 -0.353844
1072 -0.734568 -0.287897
1073 -0.760007 -0.219809
1074 -0.778543 -0.150124
1075 -0.790044 -0.0793676
1076 -0.794429 -0.00805045
1077 -0.791667 0.0633241
1078 -0.781777 0.134254
1079 -0.764829 0.20423
1080 -0.740944 0.272731
1081 -0.710295 0.339217
1082 -0.673114 0.403128
1083 -0.629684 0.463881
1084 -0.580351 0.52088
1085 -0.525521 0.573515
1086 -0.465662 0.621181
1087 -0.401298 0.663286
1088 -0.333017 0.699273
1089 -0.261455 0.728639
1090 -0.187299 0.750952
1091 -0.111272 0.765871
1092 -0.03413 0.773163
1093 0.0433569 0.77271
1094 0.120411 0.76452
1095 0.196263 0.748723
1096 0.27016 0.725565
1097 0.341382 0.695399
1098 0.409248 0.658664
1099 0.473125 0.615873
1100 0.532434 0.567587
1101 0.586654 0.514399
1102 0.635326 0.456918
1103 0.678051 0.395751
1104 0.71449 0.331495
1105 0.744363 0.264729
1106 0.767448 0.196011
1107 0.783578 0.125879
1108 0.792637 0.0548522
1109 0.794561 -0.0165607
1110 0.789337 -0.0878582
1111 0.777002 -0.158537
1112 0.757642 -0.228084
1113 0.731398 -0.295972
1114 0.698461 -0.361654
1115 0.65908 -0.424563
1116 0.613562 -0.48411
1117 0.562272 -0.539693
1118 0.505637 -0.590702
1119 0.444145 -0.636534
1120 0.378344 -0.676607
1121 0.308836 -0.710381
1122 0.236278 -0.737374
1123 0.16137 -0.757183
1124 0.0848487 -0.769502
1125 0.00747473 -0.774138
1126 -0.0699764 -0.771015
1127 -0.146728 -0.760184
1128 -0.222016 -0.741815
1129 -0.295096 -0.716193
1130 -0.365261 -0.683703
1131 -0.431846 -0.644812
1132 -0.494234 -0.600052
1133 -0.551868 -0.549997
1134 -0.604246 -0.495247
1135 -0.65093 -0.436413
1136 -0.691542 -0.374099
1137 -0.725763 -0.308897
1138 -0.753334 -0.241379
1139 -0.774052 -0.172096
1140 -0.787766 -0.10158
1141 -0.79438 -0.0303443
1142 -0.793847 0.0411049
1143 -0.786172 0.112266
1144 -0.771407 0.182634
1145 -0.749658 0.251691
1146 -0.721082 0.318903
1147 -0.68589 0.383717
1148 -0.644352 0.445557
1149 -0.596793 0.503829
1150 -0.5436 0.557927
1151 -0.485221 0.607242
1152 -0.422165 0.651175
1153 -0.354999 0.689158
1154 -0.284345 0.720666
1155 -0.210876 0.745242
1156 -0.135305 0.762517
1157 -0.0583788 0.772219
1158 0.0191349 0.774196
1159 0.0964588 0.768415
1160 0.172819 0.754968
1161 0.247456 0.734066
1162 0.319638 0.706031
1163 0.38867 0.671278
1164 0.453903 0.630298
1165 0.51474 0.58364
1166 0.570642 0.531891
1167 0.621131 0.475655
1168 0.665786 0.415542
1169 0.704252 0.352153
1170 0.73623 0.286075
1171 0.76148 0.217872
1172 0.779817 0.148088
1173 0.79111 0.077249
1174 0.79528 0.0058645
1175 0.792296 -0.065562
1176 0.78218 -0.136528
1177 0.765003 -0.206525
1178 0.740888 -0.27503
1179 0.71001 -0.341504
1180 0.6726 -0.405383
1181 0.628947 -0.466087
1182 0.579397 -0.523016
1183 0.524357 -0.575562
1184 0.464298 -0.623116
1185 0.399747 -0.665088
1186 0.331293 -0.700923
1187 0.259574 -0.730116
1188 0.185279 -0.752238
1189 0.109134 -0.766951
1190 0.0318946 -0.774024
1191 -0.0456673 -0.773343
1192 -0.122773 -0.76492
1193 -0.198653 -0.748887
1194 -0.272555 -0.725496
1195 -0.343759 -0.695102
1196 -0.411584 -0.658148
1197 -0.475398 -0.615148
1198 -0.534625 -0.566666
1199 -0.588744 -0.513297
1200 -0.637297 -0.45565
1201 -0.679887 -0.394332
1202 -0.716176 -0.32994
1203 -0.745888 -0.263055
1204 -0.7688 -0.194232
1205 -0.784747 -0.12401
1206 -0.793615 -0.0529079
1207 -0.795341 0.0185667
1208 -0.789914 0.0899119
1209 -0.777371 0.160624
1210 -0.757802 0.23019
1211 -0.731346 0.298082
1212 -0.698199 0.363753
1213 -0.658609 0.426633
1214 -0.612886 0.486134
1215 -0.561396 0.541652
1216 -0.504569 0.592577
1217 -0.442894 0.638305
1218 -0.376921 0.678256
1219 -0.307255 0.711888
1220 -0.234554 0.738721
1221 -0.15952 0.758355
1222 -0.0828901 0.770485
1223 -0.00542762 0.77492
1224 0.0720915 0.771589
1225 0.14889 0.760545
1226 0.224203 0.741961
1227 0.297288 0.716128
1228 0.367436 0.683431
1229 0.433983 0.644341
1230 0.496314 0.599392
1231 0.553873 0.549159
1232 0.606159 0.494246
1233 0.652735 0.435261
1234 0.693224 0.37281
1235 0.72731 0.307486
1236 0.754734 0.239859
1237 0.775294 0.170481
1238 0.788843 0.0998818
1239 0.795283 0.0285769
1240 0.794571 -0.0429292
1241 0.78671 -0.114135
1242 0.771756 -0.184534
1243 0.749816 -0.253609
1244 0.721047 -0.320826
1245 0.685664 -0.38563
1246 0.643935 -0.447445
1247 0.596189 -0.505676
1248 0.542814 -0.559715
1249 0.484259 -0.608953
1250 0.421036 -0.652793
1251 0.353714 -0.690663
1252 0.282915 -0.722042
1253 0.209315 -0.746474
1254 0.133629 -0.763588
1255 0.0566039 -0.773119
1256 -0.0209908 -0.774913
1257 -0.0983772 -0.768943
1258 -0.17478 -0.755304
1259 -0.249441 -0.734209
1260 -0.321628 -0.705982
1261 -0.390646 -0.671043
1262 -0.455846 -0.629884
1263 -0.516633 -0.583056
1264 -0.572469 -0.531147
1265 -0.622875 -0.474763
1266 -0.667435 -0.414514
1267 -0.705791 -0.351003
1268 -0.737648 -0.284813
1269 -0.762767 -0.216511
1270 -0.780963 -0.146641
1271 -0.792108 -0.0757253
1272 -0.796121 -0.00427632
1273 -0.792975 0.0672034
1274 -0.782693 0.138212
1275 -0.765346 0.208239
1276 -0.741058 0.276763
1277 -0.710006 0.343243
1278 -0.672423 0.407116
1279 -0.628597 0.467799
1280 -0.578877 0.524692
1281 -0.523672 0.577186
1282 -0.463453 0.624672
1283 -0.398751 0.666561
1284 -0.330153 0.702295
1285 -0.258303 0.731373
1286 -0.183888 0.753365
1287 -0.107638 0.767935
1288 -0.030307 0.774854
1289 0.0473299 0.77401
1290 0.124494 0.765418
1291 0.200415 0.749213
1292 0.274341 0.725649
1293 0.345552 0.695084
1294 0.413366 0.657964
1295 0.477154 0.614804
1296 0.536338 0.56617
1297 0.5904 0.512658
1298 0.638883 0.454878
1299 0.681389 0.393438
1300 0.717583 0.328935
1301 0.747189 0.261948
1302 0.769986 0.193035
1303 0.785809 0.122733
1304 0.794545 0.0515609
1305 0.796134 -0.019974
1306 0.790563 -0.0913698
1307 0.777872 -0.162123
1308 0.758151 -0.231719
1309 0.731541 -0.299632
1310 0.698238 -0.365311
1311 0.658493 -0.428188
1312 0.612614 -0.487673
1313 0.560972 -0.543162
1314 0.503995 -0.594044
1315 0.442176 -0.639715
1316 0.376065 -0.679594
1317 0.30627 -0.713139
1318 0.233448 -0.739871
1319 0.158304 -0.759391
1320 0.0815771 -0.771395
1321 0.00403013 -0.775694
1322 -0.0735595 -0.77222
1323 -0.150414 -0.761026
1324 -0.225767 -0.742291
1325 -0.298877 -0.716305
1326 -0.369035 -0.683457
1327 -0.435577 -0.64422
1328 -0.49789 -0.599128
1329 -0.555415 -0.548761
1330 -0.607654 -0.49372
1331 -0.654172 -0.434617
1332 -0.694591 -0.372056
1333 -0.728596 -0.306631
1334 -0.75593 -0.238913
1335 -0.776392 -0.169452
1336 -0.789833 -0.0987791
1337 -0.79616 -0.0274087
1338 -0.795327 0.0441546
1339 -0.787341 0.115409
1340 -0.772258 0.185849
1341 -0.750185 0.254955
1342 -0.72128 0.322195
1343 -0.685759 0.387011
1344 -0.643891 0.448828
1345 -0.596007 0.507049
1346 -0.542495 0.561068
1347 -0.483807 0.610273
1348 -0.420454 0.654065
1349 -0.353007 0.691876
1350 -0.282091 0.723182
1351 -0.208381 0.747528
1352 -0.132593 0.764545
1353 -0.0554779 0.773968
1354 0.0221961 0.775646
1355 0.0996498 0.769552
1356 0.176108 0.755783
1357 0.25081 0.734556
1358 0.323024 0.706197
1359 0.392057 0.671125
1360 0.457259 0.629837
1361 0.518035 0.582885
1362 0.573848 0.530857
1363 0.624219 0.47436
1364 0.668733 0.414006
1365 0.707034 0.350396
1366 0.738825 0.284116
1367 0.76387 0.215731
1368 0.781984 0.145784
1369 0.793039 0.0747995
1370 0.796957 0.00328861
1371 0.793709 -0.0682461
1372 0.78332 -0.139302
1373 0.765862 -0.209371
1374 0.741459 -0.277928
1375 0.710289 -0.344433
1376 0.672586 -0.408323
1377 0.628638 -0.469015
1378 0.578797 -0.525906
1379 0.523471 -0.578388
1380 0.463133 -0.625852
1381 0.398314 -0.667706
1382 0.329604 -0.703394
1383 0.257646 -0.732414
1384 0.183131 -0.754337
1385 0.106786 -0.768827
1386 0.0293707 -0.775656
1387 -0.0483418 -0.774715
1388 -0.125572 -0.766018
1389 -0.201547 -0.749704
1390 -0.275517 -0.726028
1391 -0.346759 -0.695349
1392 -0.414595 -0.658115
1393 -0.478392 -0.614844
1394 -0.537575 -0.566102
1395 -0.591625 -0.512486
1396 -0.640085 -0.454606
1397 -0.682559 -0.393073
1398 -0.718713 -0.328482
1399 -0.748269 -0.261413
1400 -0.771008 -0.192424
1401 -0.786766 -0.122051
1402 -0.795431 -0.050814
1403 -0.796942 0.0207801
1404 -0.791287 0.0922297
1405 -0.778508 0.163031
1406 -0.758694 0.23267
1407 -0.731987 0.300618
1408 -0.698584 0.366328
1409 -0.658735 0.429228
1410 -0.612752 0.488728
1411 -0.561003 0.544224
1412 -0.503921 0.595105
1413 -0.441996 0.640764
1414 -0.375781 0.680621
1415 -0.305884 0.714135
1416 -0.232965 0.740825
1417 -0.157728 0.760292
1418 -0.0809132 0.772235
1419 -0.00328554 0.776464
1420 0.0743773 0.772911
1421 0.151297 0.761633
1422 0.226706 0.742808
1423 0.299863 0.716728
1424 0.370059 0.683785
1425 0.436629 0.644452
1426 0.49896 0.599266
1427 0.556494 0.548806
1428 0.608734 0.493675
1429 0.655242 0.434484
1430 0.695644 0.371841
1431 0.729624 0.306337
1432 0.756924 0.238544
1433 0.777345 0.169013
1434 0.79074 0.0982746
1435 0.797013 0.0268425
1436 0.796121 -0.0447784
1437 0.78807 -0.116086
1438 0.772916 -0.186575
1439 0.750767 -0.255727
1440 0.721784 -0.323007
1441 0.686179 -0.387858
1442 0.644226 -0.449705
1443 0.596252 -0.50795
1444 0.54265 -0.561985
1445 0.483869 -0.611199
1446 0.420423 -0.654993
1447 0.352883 -0.692797
1448 0.281875 -0.724087
1449 0.208076 -0.748408
1450 0.132202 -0.76539
1451 0.0550041 -0.77477
1452 -0.0227477 -0.776396
1453 -0.100274 -0.770243
1454 -0.176797 -0.756409
1455 -0.251559 -0.735112
1456 -0.323826 -0.706678
1457 -0.392902 -0.67153
1458 -0.458141 -0.630163
1459 -0.518946 -0.583131
1460 -0.574779 -0.531024
1461 -0.625163 -0.47445
1462 -0.669682 -0.41402
1463 -0.707981 -0.350337
1464 -0.739763 -0.283986
1465 -0.764791 -0.215533
1466 -0.782882 -0.145521
1467 -0.793908 -0.0744744
1468 -0.79779 -0.00290405
1469 -0.794501 0.0686875
1470 -0.784065 0.139798
1471 -0.766554 0.209918
1472 -0.742094 0.278523
1473 -0.710863 0.345074
1474 -0.673093 0.409005
1475 -0.629075 0.469734
1476 -0.57916 0.526659
1477 -0.523757 0.579168
1478 -0.46334 0.626654
1479 -0.39844 0.668523
1480 -0.329647 0.704219
1481 -0.257607 0.733239
1482 -0.183009 0.755155
1483 -0.106584 0.769629
1484 -0.029089 0.776434
1485 0.0486998 0.77546
1486 0.126002 0.766724
1487 0.202047 0.750364
1488 0.27608 0.726636
1489 0.34738 0.695901
1490 0.415268 0.658607
1491 0.479112 0.615273
1492 0.538334 0.566466
1493 0.592417 0.512784
1494 0.640904 0.454839
1495 0.683398 0.39324
1496 0.719565 0.328584
1497 0.749128 0.261452
1498 0.771868 0.1924
1499 0.787621 0.121967
1500 0.796274 0.0506701
1501 0.797767 -0.0209823
1502 0.79209 -0.0924889
1503 0.779282 -0.163346
1504 0.759434 -0.233039
1505 0.732687 -0.301041
1506 0.699239 -0.366801
1507 0.659341 -0.42975
1508 0.613303 -0.489297
1509 0.561495 -0.544837
1510 0.504349 -0.595757
1511 0.442357 -0.641452
1512 0.376072 -0.681339
1513 0.306101 -0.714876
1514 0.233107 -0.741584
1515 0.157794 -0.761061
1516 0.0809019 -0.773007
1517 0.00319712 -0.777231
1518 -0.0745419 -0.773665
1519 -0.151536 -0.762367
1520 -0.227018 -0.743515
1521 -0.300244 -0.717402
1522 -0.370505 -0.68442
1523 -0.437137 -0.645043
1524 -0.499525 -0.599809
1525 -0.55711 -0.549297
1526 -0.609396 -0.494113
1527 -0.655946 -0.434867
1528 -0.696383 -0.372168
1529 -0.730392 -0.306607
1530 -0.757717 -0.238756
1531 -0.778157 -0.169168
1532 -0.791564 -0.0983709
1533 -0.797843 -0.0268809
1534 -0.796952 0.0447981
1535 -0.788896 0.116164
1536 -0.773732 0.186711
1537 -0.751567 0.255922
1538 -0.722561 0.32326
1539 -0.686928 0.388169
1540 -0.64494 0.450073
1541 -0.596927 0.508375
1542 -0.543279 0.562465
1543 -0.484448 0.611732
1544 -0.420946 0.655576
1545 -0.353346 0.693425
1546 -0.282273 0.724756
1547 -0.208404 0.749112
1548 -0.132459 0.766124
1549 -0.055186 0.775525
1550 0.0226423 0.777166
1551 0.100246 0.77102
1552 0.176847 0.757185
1553 0.251686 0.735879
1554 0.324029 0.707429
1555 0.39318 0.672258
1556 0.45849 0.630863
1557 0.519363 0.583797
1558 0.575261 0.531652
1559 0.625706 0.475035
1560 0.670282 0.41456
1561 0.708631 0.350828
1562 0.74046 0.284427
1563 0.76553 0.215921
1564 0.783657 0.145855
1565 0.794714 0.074753
1566 0.798621 0.00312534
1567 0.795351 -0.068525
1568 0.784928 -0.139696
1569 0.767425 -0.209877
1570 0.742966 -0.278547
1571 0.711728 -0.345162
1572 0.673947 -0.40916
1573 0.62991 -0.469956
1574 0.579969 -0.526948
1575 0.524534 -0.579525
1576 0.464078 -0.627077
1577 0.399132 -0.669012
1578 0.330288 -0.704771
1579 0.258189 -0.733849
1580 0.183528 -0.755818
1581 0.107033 -0.77034
1582 0.0294651 -0.777187
1583 -0.0484008 -0.776247
1584 -0.125784 -0.767537
1585 -0.20191 -0.751195
1586 -0.276027 -0.727476
1587 -0.347412 -0.696741
1588 -0.415384 -0.659441
1589 -0.47931 -0.616092
1590 -0.538613 -0.567265
1591 -0.592775 -0.513556
1592 -0.641337 -0.455579
1593 -0.683904 -0.393942
1594 -0.720139 -0.329245
1595 -0.749766 -0.262068
1596 -0.772566 -0.192968
1597 -0.788373 -0.122483
1598 -0.797075 -0.0511319
1599 -0.798611 0.020578
1600 -0.792972 0.0921449
1601 -0.780195 0.163065
1602 -0.760371 0.232825
1603 -0.733643 0.300896
1604 -0.700205 0.366729
1605 -0.660311 0.429753
1606 -0.614268 0.489379
1607 -0.562449 0.544998
1608 -0.505283 0.595999
1609 -0.443263 0.641776
1610 -0.37694 0.681745
1611 -0.306926 0.715362
1612 -0.233879 0.742147
1613 -0.158505 0.761697
1614 -0.0815464 0.77371
1615 -0.00376813 0.777995
1616 0.0740502 0.774483
1617 0.151129 0.763229
1618 0.226699 0.744413
1619 0.300016 0.718326
1620 0.370371 0.685361
1621 0.437097 0.645993
1622 0.49958 0.600758
1623 0.557261 0.550237
1624 0.60964 0.495036
1625 0.656281 0.435768
1626 0.696807 0.373039
1627 0.730902 0.307442
1628 0.758308 0.239551
1629 0.778825 0.169917
1630 0.792304 0.0990709
1631 0.798652 0.0275266
1632 0.797822 -0.044211
1633 0.789822 -0.11564
1634 0.774707 -0.186255
1635 0.752584 -0.255537
1636 0.723612 -0.322951
1637 0.688007 -0.387942
1638 0.646038 -0.449932
1639 0.598034 -0.508323
1640 0.544387 -0.562507
1641 0.485547 -0.61187
1642 0.422026 -0.655812
1643 0.354397 -0.69376
1644 0.283286 -0.725189
1645 0.209369 -0.749641
1646 0.133366 -0.766745
1647 0.0560267 -0.776234
1648 -0.0218767 -0.777955
1649 -0.0995629 -0.771882
1650 -0.176254 -0.75811
1651 -0.251188 -0.736857
1652 -0.323631 -0.708451
1653 -0.392886 -0.673312
1654 -0.458303 -0.631939
1655 -0.519285 -0.584885
1656 -0.575292 -0.532741
1657 -0.625846 -0.476118
1658 -0.670529 -0.415627
1659 -0.708984 -0.351872
1660 -0.740916 -0.285441
1661 -0.766086 -0.216898
1662 -0.784309 -0.146789
1663 -0.795456 -0.0756377
1664 -0.799449 -0.00395516
1665 -0.79626 0.0677558
1666 -0.78591 0.138993
1667 -0.768474 0.209247
1668 -0.744074 0.277995
1669 -0.712888 0.344695
1670 -0.675148 0.408783
1671 -0.631145 0.469676
1672 -0.581227 0.526771
1673 -0.525804 0.579456
1674 -0.465349 0.62712
1675 -0.400394 0.66917
1676 -0.331528 0.705046
1677 -0.259396 0.734242
1678 -0.184689 0.756326
1679 -0.108138 0.770961
1680 -0.0305025 0.777914
1681 0.0474415 0.777075
1682 0.124912 0.768456
1683 0.201135 0.752195
1684 0.275355 0.728547
1685 0.34685 0.697871
1686 0.414938 0.660617
1687 0.478984 0.617304
1688 0.53841 0.568499
1689 0.592696 0.514803
1690 0.641383 0.456827
1691 0.684074 0.395182
1692 0.720433 0.330467
1693 0.750181 0.263264
1694 0.773099 0.194129
1695 0.78902 0.123602
1696 0.797832 0.052202
1697 0.799473 -0.0195643
1698 0.793931 -0.091195
1699 0.781246 -0.162186
1700 0.761507 -0.232024
1701 0.734854 -0.300181
1702 0.701484 -0.366108
1703 0.661646 -0.429234
1704 0.615651 -0.488969
1705 0.563866 -0.544705
1706 0.506724 -0.595829
1707 0.444714 -0.641735
1708 0.37839 -0.681836
1709 0.308359 -0.71559
1710 0.235282 -0.742512
1711 0.159866 -0.762198
1712 0.08285 -0.774343
1713 0.00500185 -0.778755
1714 -0.0728987 -0.775362
1715 -0.150071 -0.764219
1716 -0.225745 -0.745502
1717 -0.299176 -0.719502
1718 -0.369653 -0.686611
1719 -0.436507 -0.647302
1720 -0.499124 -0.602114
1721 -0.556942 -0.551627
1722 -0.609461 -0.496447
1723 -0.656244 -0.437187
1724 -0.696912 -0.374455
1725 -0.731148 -0.308846
1726 -0.758694 -0.240932
1727 -0.779348 -0.171265
1728 -0.79296 -0.100377
1729 -0.799436 -0.0287823
1730 -0.798729 0.0430142
1731 -0.790845 0.114511
1732 -0.775839 0.185202
1733 -0.753818 0.25457
1734 -0.724938 0.322079
1735 -0.689415 0.387174
1736 -0.647517 0.449277
1737 -0.599574 0.507791
1738 -0.545973 0.562106
1739 -0.487166 0.611609
1740 -0.423665 0.655697
1741 -0.35604 0.693797
1742 -0.284917 0.725382
1743 -0.210973 0.749992
1744 -0.134927 0.767252
1745 -0.0575294 0.776894
1746 0.0204475 0.778762
1747 0.0982214 0.772827
1748 0.175014 0.759183
1749 0.250062 0.738047
1750 0.322629 0.709742
1751 0.392018 0.674691
1752 0.457577 0.633391
1753 0.518707 0.586395
1754 0.574868 0.534294
1755 0.625578 0.4777
1756 0.67042 0.417224
1757 0.709036 0.353471
1758 0.741128 0.28703
1759 0.766455 0.218466
1760 0.784834 0.148325
1761 0.796133 0.0771311
1762 0.800273 0.0053962
1763 0.797225 -0.0663772
1764 0.78701 -0.137687
1765 0.7697 -0.208024
1766 0.745418 -0.276865
1767 0.71434 -0.343669
1768 0.676697 -0.407873
1769 0.632779 -0.468893
1770 0.582933 -0.526125
1771 0.527568 -0.578957
1772 0.467155 -0.626779
1773 0.402225 -0.668994
1774 0.333369 -0.705041
1775 0.261229 -0.734413
1776 0.186496 -0.756676
1777 0.109901 -0.771487
1778 0.0322041 -0.778614
1779 -0.0458183 -0.777941
1780 -0.123383 -0.76948
1781 -0.199716 -0.753365
1782 -0.274061 -0.729849
1783 -0.345692 -0.69929
1784 -0.413927 -0.662137
1785 -0.47813 -0.618908
1786 -0.53772 -0.570171
1787 -0.592176 -0.516525
1788 -0.641038 -0.458585
1789 -0.683906 -0.39696
1790 -0.720443 -0.332252
1791 -0.750369 -0.265041
1792 -0.773464 -0.195886
1793 -0.78956 -0.125327
1794 -0.798542 -0.053883
1795 -0.800349 0.0179387
1796 -0.794967 0.0896361
1797 -0.782434 0.160706
1798 -0.762838 0.230634
1799 -0.73632 0.298894
1800 -0.703073 0.364935
1801 -0.663347 0.428189
1802 -0.617449 0.488064
1803 -0.565748 0.543953
1804 -0.508672 0.595242
1805 -0.446713 0.641323
1806 -0.38042 0.68161
1807 -0.310403 0.715556
1808 -0.23732 0.742674
1809 -0.161877 0.76256
1810 -0.0848154 0.774903
1811 -0.00690153 0.779508
1812 0.0710838 0.776301
1813 0.148359 0.765334
1814 0.224153 0.746779
1815 0.29772 0.720927
1816 0.368346 0.688167
1817 0.435362 0.648971
1818 0.49815 0.603878
1819 0.556149 0.553468
1820 0.608856 0.498346
1821 0.655831 0.439127
1822 0.696695 0.37642
1823 0.731128 0.310819
1824 0.758872 0.242899
1825 0.779721 0.173213
1826 0.793527 0.102291
1827 0.800192 0.0306506
1828 0.79967 -0.0412051
1829 0.791964 -0.112774
1830 0.777127 -0.18355
1831 0.755266 -0.253016
1832 0.726537 -0.320638
1833 0.691152 -0.38586
1834 0.649379 -0.448104
1835 0.601545 -0.506774
1836 0.548038 -0.561258
1837 0.489307 -0.610944
1838 0.425863 -0.655228
1839 0.358274 -0.693533
1840 0.287168 -0.725331
1841 0.213218 -0.750159
1842 0.137145 -0.76764
1843 0.059697 -0.7775
1844 -0.0183513 -0.779582
1845 -0.0962177 -0.773852
1846 -0.173123 -0.760402
1847 -0.248302 -0.739444
1848 -0.321017 -0.711302
1849 -0.39057 -0.676395
1850 -0.456306 -0.635218
1851 -0.517624 -0.588327
1852 -0.573983 -0.53631
1853 -0.624899 -0.47978
1854 -0.669952 -0.41935
1855 -0.708782 -0.355626
1856 -0.74109 -0.289195
1857 -0.766634 -0.220626
1858 -0.785228 -0.150464
1859 -0.79674 -0.0792356
1860 -0.801088 -0.00745114
1861 -0.798242 0.0643862
1862 -0.788223 0.135774
1863 -0.7711 0.206204
1864 -0.746995 0.275153
1865 -0.716083 0.342081
1866 -0.678592 0.406425
1867 -0.634811 0.4676
1868 -0.585086 0.525004
1869 -0.529825 0.578024
1870 -0.469495 0.626047
1871 -0.404628 0.668478
1872 -0.335812 0.704752
1873 -0.263689 0.734359
1874 -0.18895 0.756861
1875 -0.112325 0.771915
1876 -0.0345731 0.779281
1877 0.0435278 0.778842
1878 0.121194 0.770604
1879 0.19765 0.754699
1880 0.272138 0.731378
1881 0.343932 0.700995
1882 0.412346 0.663997
1883 0.476742 0.620902
1884 0.536538 0.572278
1885 0.59121 0.518724
1886 0.640295 0.460853
1887 0.683393 0.399278
1888 0.720164 0.334599
1889 0.750326 0.2674
1890 0.773657 0.198241
1891 0.789987 0.12766
1892 0.799201 0.0561773
1893 0.801235 -0.0156982
1894 0.796074 -0.0874652
1895 0.783755 -0.15862
1896 0.764363 -0.228651
1897 0.738037 -0.297029
1898 0.70497 -0.363206
1899 0.66541 -0.426614
1900 0.619662 -0.48666
1901 0.568092 -0.542738
1902 0.511128 -0.594233
1903 0.449259 -0.640537
1904 0.383034 -0.68106
1905 0.313059 -0.715254
1906 0.239994 -0.74263
1907 0.164542 -0.762777
1908 0.0874454 -0.775384
1909 0.00947041 -0.780249
1910 -0.0686019 -0.777296
1911 -0.145989 -0.76657
1912 -0.221918 -0.748242
1913 -0.295642 -0.722599
1914 -0.366445 -0.690027
1915 -0.433656 -0.650998
1916 -0.496655 -0.606048
1917 -0.554877 -0.555757
1918 -0.607819 -0.500732
1919 -0.655037 -0.441587
1920 -0.69615 -0.378932
1921 -0.730836 -0.313363
1922 -0.758835 -0.245456
1923 -0.77994 -0.175763
1924 -0.794001 -0.104817
1925 -0.800916 -0.033134
1926 -0.80064 0.0387806
1927 -0.793173 0.110426
1928 -0.778567 0.181295
1929 -0.756926 0.250873
1930 -0.728406 0.318625
1931 -0.693215 0.383996
1932 -0.65162 0.446409
1933 -0.603947 0.505267
1934 -0.550581 0.559959
1935 -0.491969 0.609871
1936 -0.42862 0.654398
1937 -0.361102 0.692962
1938 -0.290039 0.72503
1939 -0.216106 0.750137
1940 -0.140021 0.767903
1941 -0.0625325 0.778048
1942 0.0155847 0.780411
1943 0.0935479 0.774953
1944 0.170576 0.761762
1945 0.245903 0.741046
1946 0.318791 0.713127
1947 0.388537 0.67842
1948 0.454484 0.637419
1949 0.516031 0.590679
1950 0.572632 0.538789
1951 0.623802 0.48236
1952 0.669117 0.422007
1953 0.708216 0.358336
1954 0.740797 0.291938
1955 0.766617 0.22338
1956 0.785486 0.15321
1957 0.797271 0.0819536
1958 0.80189 0.0101226
1959 0.799308 -0.0617797
1960 0.789546 -0.133251
1961 0.772671 -0.203784
1962 0.748802 -0.272856
1963 0.718113 -0.339926
1964 0.68083 -0.404434
1965 0.63724 -0.465793
1966 0.587686 -0.523403
1967 0.532573 -0.57665
1968 0.472369 -0.624921
1969 0.407602 -0.667616
1970 0.338859 -0.704171
1971 0.266779 -0.734072
1972 0.192054 -0.756877
1973 0.115412 -0.772237
1974 0.0376126 -0.779909
1975 -0.0405664 -0.779771
1976 -0.118341 -0.771824
1977 -0.194933 -0.756195
1978 -0.269584 -0.73313
1979 -0.341565 -0.702983
1980 -0.410189 -0.666196
1981 -0.474814 -0.623286
1982 -0.534857 -0.574819
1983 -0.58979 -0.521396
1984 -0.639149 -0.46363
1985 -0.682529 -0.402135
1986 -0.719589 -0.337511
1987 -0.750045 -0.270344
1988 -0.773671 -0.201194
1989 -0.790297 -0.130602
1990 -0.799804 -0.0590874
1991 -0.802127 0.0128401
1992 -0.797248 0.0846791
1993 -0.785203 0.155926
1994 -0.766076 0.22607
1995 -0.740002 0.294582
1996 -0.707173 0.360916
1997 -0.667833 0.424502
1998 -0.622286 0.48475
1999 -0.570896 0.541054
2000 -0.514089 0.592796
2001 -0.452351 0.639369
2002 -0.386229 0.680179
2003 -0.316327 0.714678
2004 -0.243304 0.74237
2005 -0.167862 0.762843
2006 -0.0907427 0.775779
2007 -0.0127117 0.780972
2008 0.065449 0.778338
2009 0.142956 0.767921
2010 0.219036 0.749885
2011 0.292938 0.724512
2012 0.363945 0.692187
2013 0.431384 0.653378
2014 0.494631 0.608621
2015 0.55312 0.558494
2016 0.606342 0.503604
2017 0.653853 0.444567
2018 0.695269 0.381993
2019 0.730265 0.316479
2020 0.758578 0.248602
2021 0.779998 0.178916
2022 0.794374 0.107955
2023 0.801602 0.0362351
2024 0.801633 -0.0357379
2025 0.794467 -0.107463
2026 0.780153 -0.178434
2027 0.758793 -0.248136
2028 0.730539 -0.316035
2029 0.695599 -0.381577
2030 0.654237 -0.444185
2031 0.606776 -0.503264
2032 0.553598 -0.558201
2033 0.495149 -0.608382
2034 0.431936 -0.6532
2035 0.364522 -0.692075
2036 0.293532 -0.724472
2037 0.219639 -0.749919
2038 0.143557 -0.768033
2039 0.0660385 -0.778529
2040 -0.0121443 -0.78124
2041 -0.0902077 -0.776122
2042 -0.167369 -0.763256
2043 -0.242862 -0.742847
2044 -0.315944 -0.715211
2045 -0.385912 -0.680762
2046 -0.452106 -0.63999
2047 -0.513921 -0.593448
2048 -0.570808 -0.541727
2049 -0.622279 -0.485437
2050 -0.667908 -0.425193
2051 -0.707331 -0.361603
2052 -0.740242 -0.295259
2053 -0.766395 -0.22673
2054 -0.785601 -0.156563
2055 -0.797721 -0.0852871
2056 -0.802671 -0.0134133
2057 -0.800416 0.0585547
2058 -0.790972 0.130115
2059 -0.774406 0.20076
2060 -0.750833 0.269968
2061 -0.720425 0.3372
2062 -0.683407 0.401894
2063 -0.64006 0.463467
2064 -0.590727 0.521317
2065 -0.535811 0.574829
2066 -0.475775 0.623391
2067 -0.411146 0.666401
2068 -0.342507 0.703291
2069 -0.270499 0.733544
2070 -0.195809 0.756714
2071 -0.119164 0.772445
2072 -0.0413254 0.780491
2073 0.0369303 0.780721
2074 0.114818 0.773132
2075 0.191558 0.757844
2076 0.266391 0.7351
2077 0.338584 0.705248
2078 0.407448 0.668728
2079 0.47234 0.626054
2080 0.53267 0.577792
2081 0.58791 0.524541
2082 0.637591 0.466916
2083 0.681307 0.40553
2084 0.718711 0.340987
2085 0.749517 0.273872
2086 0.773498 0.204748
2087 0.79048 0.134155
2088 0.800342 0.0626154
2089 0.803015 -0.00936169
2090 0.798482 -0.0812745
2091 0.786773 -0.15262
2092 0.767971 -0.222887
2093 0.742209 -0.291549
2094 0.709674 -0.358059
2095 0.67061 -0.421849
2096 0.625318 -0.48233
2097 0.574158 -0.538893
2098 0.517553 -0.590924
2099 0.455987 -0.637811
2100 0.390004 -0.67896
2101 0.320207 -0.713818
2102 0.247252 -0.741888
2103 0.171839 -0.762749
2104 0.0947093 -0.776079
2105 0.0166286 -0.781667
2106 -0.0616213 -0.779422
2107 -0.139256 -0.769379
2108 -0.215499 -0.7517
2109 -0.2896 -0.726661
2110 -0.360839 -0.694642
2111 -0.428538 -0.656109
2112 -0.492071 -0.611593
2113 -0.550868 -0.561676
2114 -0.604418 -0.506961
2115 -0.652273 -0.448065
2116 -0.694044 -0.385601
2117 -0.729406 -0.320166
2118 -0.758091 -0.252338
2119 -0.779887 -0.182674
2120 -0.794638 -0.111707
2121 -0.802241 -0.0399563
2122 -0.802642 0.032074
2123 -0.795839 0.103882
2124 -0.781878 0.174963
2125 -0.760859 0.2448
2126 -0.732931 0.312863
2127 -0.698299 0.378598
2128 -0.657225 0.441428
2129 -0.610028 0.500758
2130 -0.557087 0.555977
2131 -0.498846 0.606469
2132 -0.435807 0.651626
2133 -0.368534 0.690865
2134 -0.297646 0.723646
2135 -0.223815 0.749496
2136 -0.147756 0.768022
2137 -0.0702176 0.778936
2138 0.00802676 0.782062
2139 0.0861929 0.777351
2140 0.163498 0.764878
2141 0.239171 0.74484
2142 0.312471 0.717549
2143 0.382689 0.683415
2144 0.449163 0.642926
2145 0.511285 0.596632
2146 0.568501 0.545122
2147 0.620322 0.489009
2148 0.666316 0.428907
2149 0.706116 0.365426
2150 0.739415 0.299158
2151 0.765961 0.230675
2152 0.785563 0.160526
2153 0.798079 0.0892382
2154 0.803423 0.0173258
2155 0.801557 -0.054708
2156 0.792494 -0.126361
2157 0.776297 -0.197127
2158 0.753081 -0.266485
2159 0.723013 -0.333895
2160 0.686315 -0.398799
2161 0.643267 -0.460613
2162 0.594207 -0.518736
2163 0.539534 -0.572553
2164 0.47971 -0.62145
2165 0.415257 -0.664824
2166 0.346758 -0.702103
2167 0.274848 -0.732766
2168 0.200214 -0.756363
2169 0.123584 -0.772531
2170 0.0457142 -0.781017
2171 -0.0326159 -0.781683
2172 -0.110621 -0.774519
2173 -0.187521 -0.75964
2174 -0.262553 -0.73728
2175 -0.334983 -0.707784
2176 -0.404118 -0.671588
2177 -0.469311 -0.629202
2178 -0.529969 -0.581192
2179 -0.585561 -0.528156
2180 -0.635613 -0.470708
2181 -0.679716 -0.409463
2182 -0.717519 -0.345027
2183 -0.748734 -0.277985
2184 -0.773129 -0.208902
2185 -0.790528 -0.138321
2186 -0.800806 -0.0667636
2187 -0.803893 0.00526013
2188 -0.799766 0.0772482
2189 -0.788456 0.148698
2190 -0.77004 0.219098
2191 -0.744649 0.287924
2192 -0.712468 0.35463
2193 -0.673736 0.418648
2194 -0.628752 0.47939
2195 -0.577872 0.536248
2196 -0.521516 0.588607
2197 -0.460165 0.635854
2198 -0.394359 0.677393
2199 -0.324699 0.712666
2200 -0.251837 0.741172
2201 -0.176474 0.762485
2202 -0.0993475 0.776276
2203 -0.021224 0.782325
2204 0.0571146 0.780536
2205 0.134883 0.770937
2206 0.211304 0.753681
2207 0.285624 0.729038
2208 0.357119 0.697385
2209 0.425109 0.659182
2210 0.488965 0.61496
2211 0.548113 0.565297
2212 0.602037 0.510798
2213 0.650285 0.45208
2214 0.692466 0.389755
2215 0.728249 0.324423
2216 0.757364 0.256665
2217 0.779595 0.187038
2218 0.794784 0.116076
2219 0.802823 0.0442998
2220 0.803657 -0.027786
2221 0.797279 -0.0996793
2222 0.783733 -0.170876
2223 0.763116 -0.240861
2224 0.735574 -0.309104
2225 0.701309 -0.375051
2226 0.660578 -0.438129
2227 0.613697 -0.497742
2228 0.561043 -0.553279
2229 0.503055 -0.604123
2230 0.440232 -0.649666
2231 0.373135 -0.68932
2232 0.30238 -0.722543
2233 0.228637 -0.748855
2234 0.152618 -0.767858
2235 0.075072 -0.779256
2236 -0.00322862 -0.782866
2237 -0.0814991 -0.77863
2238 -0.158955 -0.766616
2239 -0.234825 -0.747015
2240 -0.308363 -0.720133
2241 -0.378859 -0.686372
2242 -0.445647 -0.64622
2243 -0.508114 -0.600223
2244 -0.565704 -0.548971
2245 -0.617921 -0.493073
2246 -0.664331 -0.433147
2247 -0.704563 -0.369803
2248 -0.738305 -0.303636
2249 -0.765303 -0.235217
2250 -0.785361 -0.165098
2251 -0.798336 -0.0938086
2252 -0.804136 -0.0218625
2253 -0.802721 0.0502364
2254 -0.794101 0.121987
2255 -0.778336 0.192881
2256 -0.755537 0.262401
2257 -0.725869 0.330008
2258 -0.689549 0.395143
2259 -0.646854 0.457226
2260 -0.598118 0.515654
2261 -0.543737 0.569813
2262 -0.484169 0.619088
2263 -0.419933 0.662874
2264 -0.351607 0.700596
2265 -0.279826 0.731727
2266 -0.205272 0.755812
2267 -0.128672 0.772482
2268 -0.0507817 0.781475
2269 0.0276195 0.782645
2270 0.105746 0.775975
2271 0.182816 0.761571
2272 0.258064 0.739661
2273 0.330754 0.710582
2274 0.400188 0.674767
2275 0.465717 0.632724
2276 0.526744 0.585014
2277 0.582732 0.532235
2278 0.633204 0.475002
2279 0.677745 0.413931
2280 0.716003 0.349629
2281 0.747684 0.282682
2282 0.772553 0.213659
2283 0.790429 0.143101
2284 0.801186 0.0715339
2285 0.804748 -0.000532731
2286 0.801092 -0.0725965
2287 0.790241 -0.144155
2288 0.772273 -0.214698
2289 0.747315 -0.283702
2290 0.715546 -0.350622
2291 0.677204 -0.414892
2292 0.632581 -0.475923
2293 0.582033 -0.53311
2294 0.525973 -0.585837
2295 0.464879 -0.633488
2296 0.399289 -0.675466
2297 0.329799 -0.711209
2298 0.257059 -0.74021
2299 0.181766 -0.762038
2300 0.104659 -0.776355
2301 0.0265009 -0.782934
2302 -0.051925 -0.78167
2303 -0.129832 -0.772581
2304 -0.206443 -0.755815
2305 -0.281 -0.731633
2306 -0.352777 -0.700406
2307 -0.42109 -0.662591
2308 -0.485305 -0.618715
2309 -0.544844 -0.569354
2310 -0.599188 -0.515112
2311 -0.64788 -0.456607
2312 -0.690523 -0.394453
2313 -0.726783 -0.329251
2314 -0.756386 -0.261583
2315 -0.779113 -0.192008
2316 -0.7948 -0.121063
2317 -0.803338 -0.0492678
2318 -0.804666 0.0228708
2319 -0.798776 0.0948514
2320 -0.785709 0.16617
2321 -0.765555 0.236313
2322 -0.738459 0.30475
2323 -0.704618 0.37093
2324 -0.664287 0.434281
2325 -0.617776 0.494206
2326 -0.565459 0.550097
2327 -0.507771 0.601335
2328 -0.445206 0.647309
2329 -0.378322 0.68743
2330 -0.307732 0.721151
2331 -0.234102 0.747986
2332 -0.158144 0.767529
2333 -0.0806037 0.779478
2334 -0.00225332 0.783639
2335 0.0761219 0.779947
2336 0.153736 0.768461
2337 0.229817 0.749363
2338 0.303614 0.722951
2339 0.374414 0.689625
2340 0.441548 0.649866
2341 0.504398 0.604217
2342 0.562403 0.553267
2343 0.615064 0.497625
2344 0.661941 0.43791
2345 0.702659 0.374733
2346 0.736901 0.308689
2347 0.76441 0.240355
2348 0.784985 0.170281
2349 0.798479 0.099
2350 0.804798 0.0270259
2351 0.803897 -0.0451368
2352 0.795783 -0.116987
2353 0.780512 -0.188017
2354 0.758192 -0.25771
2355 0.728983 -0.32553
2356 0.693099 -0.390919
2357 0.650813 -0.453295
2358 0.602454 -0.51206
2359 0.548415 -0.566599
2360 0.489148 -0.616294
2361 0.42517 -0.66054
2362 0.357053 -0.698756
2363 0.28543 -0.730414
2364 0.210981 -0.755049
2365 0.134429 -0.772285
2366 0.0565302 -0.781852
2367 -0.0219375 -0.783595
2368 -0.100187 -0.777487
2369 -0.177436 -0.763626
2370 -0.252916 -0.742231
2371 -0.325888 -0.713633
2372 -0.395651 -0.678259
2373 -0.461549 -0.636611
2374 -0.522984 -0.589251
2375 -0.579412 -0.536774
2376 -0.630351 -0.479795
2377 -0.675384 -0.418931
2378 -0.714151 -0.35479
2379 -0.746355 -0.287963
2380 -0.771756 -0.219016
2381 -0.790171 -0.148496
2382 -0.801468 -0.076928
2383 -0.805569 -0.00482312
2384 -0.802445 0.0673161
2385 -0.792118 0.138988
2386 -0.77466 0.209682
2387 -0.750195 0.278876
2388 -0.718898 0.346028
2389 -0.681003 0.410572
2390 -0.636798 0.471921
2391 -0.586633 0.52947
2392 -0.530918 0.582602
2393 -0.470126 0.630701
2394 -0.404791 0.673168
2395 -0.335505 0.709435
2396 -0.262915 0.73899
2397 -0.187717 0.761395
2398 -0.110644 0.776304
2399 -0.0324619 0.78348
2400 0.0460484 0.782809
2401 0.124099 0.774301
2402 0.20091 0.758091
2403 0.275722 0.734436
2404 0.347804 0.703697
2405 0.416469 0.666328
2406 0.48108 0.622851
2407 0.541051 0.573839
2408 0.59586 0.519898
2409 0.645043 0.461643
2410 0.688202 0.399692
2411 0.724995 0.334646
2412 0.755144 0.26709
2413 0.778426 0.197584
2414 0.794673 0.126668
2415 0.803772 0.0548624
2416 0.805658 -0.0173256
2417 0.800319 -0.0893943
2418 0.787792 -0.16084
2419 0.768164 -0.23115
2420 0.741575 -0.299796
2421 0.708218 -0.366228
2422 0.668343 -0.429875
2423 0.622257 -0.490142
2424 0.570328 -0.546421
2425 0.512987 -0.598092
2426 0.450724 -0.644543
2427 0.384091 -0.685182
2428 0.3137 -0.719456
2429 0.240211 -0.746873
2430 0.164334 -0.767021
2431 0.0868142 -0.779586
2432 0.00842213 -0.784367
2433 -0.0700567 -0.781288
2434 -0.147836 -0.770398
2435 -0.224139 -0.75187
2436 -0.298214 -0.725994
2437 -0.369345 -0.693163
2438 -0.436856 -0.653853
2439 -0.500126 -0.608605
2440 -0.558589 -0.558003
2441 -0.611739 -0.502659
2442 -0.659134 -0.443191
2443 -0.700391 -0.380211
2444 -0.735189 -0.314318
2445 -0.763267 -0.246088
2446 -0.78442 -0.176075
2447 -0.798495 -0.104813
2448 -0.805395 -0.0328181
2449 -0.805071 0.0394059
2450 -0.797526 0.111357
2451 -0.782812 0.18253
2452 -0.761033 0.252408
2453 -0.732344 0.320456
2454 -0.696955 0.386117
2455 -0.655134 0.448813
2456 -0.607206 0.507945
2457 -0.553559 0.562899
2458 -0.494641 0.613056
2459 -0.430961 0.657808
2460 -0.363092 0.696572
2461 -0.291659 0.728812
2462 -0.21734 0.754058
2463 -0.140856 0.771925
2464 -0.0629616 0.782133
2465 0.0155663 0.784518
2466 0.0939403 0.779042
2467 0.171375 0.765792
2468 0.247102 0.744978
2469 0.320377 0.716925
2470 0.390495 0.682051
2471 0.456797 0.640856
2472 0.518677 0.593896
2473 0.575588 0.541766
2474 0.627043 0.485081
2475 0.672617 0.424459
2476 0.711948 0.36051
2477 0.744732 0.293825
2478 0.770726 0.224974
2479 0.78974 0.154506
2480 0.80164 0.0829475
2481 0.806342 0.0108099
2482 0.803814 -0.0614035
2483 0.794074 -0.133191
2484 0.777189 -0.204044
2485 0.753278 -0.273441
2486 0.722514 -0.340841
2487 0.685123 -0.40568
2488 0.641391 -0.467373
2489 0.591662 -0.525316
2490 0.536342 -0.578891
2491 0.475898 -0.627481
2492 0.410859 -0.670484
2493 0.341814 -0.707328
2494 0.269405 -0.737496
2495 0.194325 -0.76054
2496 0.117305 -0.776106
2497 0.0391095 -0.783948
2498 -0.0394808 -0.783939
2499 -0.117677 -0.776079
2500 -0.194698 -0.760495
2501 -0.26978 -0.737432
2502 -0.342191 -0.707245
2503 -0.411238 -0.670381
2504 -0.476277 -0.627357
2505 -0.53672 -0.578745
2506 -0.592038 -0.525148
2507 -0.641763 -0.467183
2508 -0.685488 -0.405467
2509 -0.72287 -0.340606
2510 -0.753623 -0.273185
2511 -0.77752 -0.203767
2512 -0.794389 -0.132893
2513 -0.804111 -0.0610852
2514 -0.806618 0.0111477
2515 -0.801894 0.0833043
2516 -0.78997 0.154881
2517 -0.77093 0.225367
2518 -0.744909 0.294235
2519 -0.712096 0.360937
2520 -0.672735 0.424902
2521 -0.62713 0.485539
2522 -0.575642 0.542239
2523 -0.518696 0.594382
2524 -0.456779 0.641355
2525 -0.390438 0.68256
2526 -0.320279 0.717442
2527 -0.246961 0.745501
2528 -0.171188 0.766316
2529 -0.0937049 0.779564
2530 -0.0152807 0.785034
2531 0.0632992 0.782637
2532 0.141247 0.772412
2533 0.217784 0.754522
2534 0.292156 0.729248
2535 0.363641 0.696975
2536 0.43156 0.658172
2537 0.495286 0.613378
2538 0.554247 0.563174
2539 0.607933 0.50817
2540 0.655894 0.448986
2541 0.697743 0.386236
2542 0.733154 0.320519
2543 0.76186 0.252415
2544 0.78365 0.182481
2545 0.798369 0.11125
2546 0.805913 0.0392413
2547 0.80623 -0.0330408
2548 0.799317 -0.105095
2549 0.785223 -0.176415
2550 0.764047 -0.246487
2551 0.735939 -0.314777
2552 0.701105 -0.38073
2553 0.659807 -0.44377
2554 0.612365 -0.503299
2555 0.559161 -0.558702
2556 0.500638 -0.609361
2557 0.437302 -0.654665
2558 0.369718 -0.694027
2559 0.298509 -0.726905
2560 0.224348 -0.752822
2561 0.147953 -0.771385
2562 0.0700776 -0.782301
2563 -0.00850262 -0.785397
2564 -0.0869998 -0.780622
2565 -0.164628 -0.768052
2566 -0.240613 -0.747888
2567 -0.314211 -0.720444
2568 -0.38471 -0.686133
2569 -0.451447 -0.645446
2570 -0.51381 -0.598939
2571 -0.571246 -0.547203
2572 -0.623263 -0.490854
2573 -0.66943 -0.43051
2574 -0.709379 -0.366783
2575 -0.7428 -0.300266
2576 -0.769445 -0.231533
2577 -0.789119 -0.161132
2578 -0.801684 -0.0895937
2579 -0.807051 -0.01743
2580 -0.805182 0.0548553
2581 -0.796092 0.126761
2582 -0.779843 0.197779
2583 -0.756549 0.267389
2584 -0.726378 0.335052
2585 -0.689552 0.400207
2586 -0.646351 0.46227
2587 -0.597112 0.520637
2588 -0.542237 0.574691
2589 -0.482188 0.623814
2590 -0.417488 0.6674
2591 -0.348721 0.704874
2592 -0.276525 0.735711
2593 -0.201589 0.759456
2594 -0.124642 0.775745
2595 -0.0464458 0.78432
2596 0.0322183 0.785043
2597 0.110562 0.777902
2598 0.1878 0.763011
2599 0.263168 0.740608
2600 0.335928 0.711037
2601 0.405383 0.674738
2602 0.470885 0.632223
2603 0.531839 0.584062
2604 0.58771 0.530855
2605 0.638023 0.47322
2606 0.682367 0.411776
2607 0.720391 0.347128
2608 0.751806 0.279866
2609 0.776378 0.210555
2610 0.79393 0.139737
2611 0.804338 0.0679379
2612 0.80753 -0.00433443
2613 0.803483 -0.0765776
2614 0.792227 -0.148289
2615 0.773838 -0.218958
2616 0.748448 -0.28806
2617 0.716239 -0.355048
2618 0.677452 -0.419354
2619 0.632382 -0.480387
2620 0.581388 -0.53754
2621 0.524889 -0.590192
2622 0.463364 -0.637729
2623 0.397356 -0.67955
2624 0.327466 -0.715094
2625 0.254349 -0.743853
2626 0.178705 -0.765398
2627 0.101277 -0.779396
2628 0.0228315 -0.785622
2629 -0.0558449 -0.783977
2630 -0.133964 -0.774487
2631 -0.210744 -0.757304
2632 -0.285429 -0.732698
2633 -0.357291 -0.701046
2634 -0.425647 -0.662811
2635 -0.489863 -0.618524
2636 -0.549363 -0.568768
2637 -0.603629 -0.51415
2638 -0.652206 -0.455289
2639 -0.6947 -0.392801
2640 -0.73078 -0.327289
2641 -0.760171 -0.259335
2642 -0.782659 -0.189496
2643 -0.798083 -0.118311
2644 -0.806334 -0.0462972
2645 -0.807355 0.0260383
2646 -0.801139 0.0981944
2647 -0.787729 0.169667
2648 -0.767218 0.239941
2649 -0.739754 0.308486
2650 -0.705535 0.374749
2651 -0.664817 0.438156
2652 -0.617917 0.498108
2653 -0.56521 0.553995
2654 -0.507132 0.605194
2655 -0.444184 0.651095
2656 -0.376926 0.691105
2657 -0.305976 0.724677
2658 -0.232002 0.751325
2659 -0.15572 0.770647
2660 -0.0778795 0.782339
2661 0.000743407 0.786214
2662 0.0793611 0.78221
2663 0.157186 0.77039
2664 0.233442 0.750944
2665 0.30738 0.724176
2666 0.378285 0.690489
2667 0.445487 0.650371
2668 0.508369 0.60437
2669 0.566373 0.553077
2670 0.618997 0.497107
2671 0.665807 0.437079
2672 0.706426 0.373606
2673 0.740541 0.307284
2674 0.767896 0.238689
2675 0.788292 0.168374
2676 0.801584 0.0968675
2677 0.807678 0.0246856
2678 0.806533 -0.0476681
2679 0.798157 -0.119692
2680 0.782608 -0.19088
2681 0.759994 -0.260713
2682 0.730478 -0.328654
2683 0.694276 -0.394144
2684 0.651663 -0.4566
2685 0.60297 -0.51542
2686 0.548593 -0.569988
2687 0.488987 -0.619684
2688 0.424669 -0.6639
2689 0.356219 -0.702055
2690 0.28427 -0.733618
2691 0.209506 -0.758125
2692 0.132654 -0.7752
2693 0.0544724 -0.784576
2694 -0.0242575 -0.7861
2695 -0.102746 -0.779748
2696 -0.180208 -0.765622
2697 -0.255874 -0.743947
2698 -0.329004 -0.715057
2699 -0.398894 -0.679385
2700 -0.46489 -0.637438
2701 -0.526393 -0.58978
2702 -0.582858 -0.537011
2703 -0.633807 -0.479748
2704 -0.678821 -0.418611
2705 -0.717543 -0.354208
2706 -0.749676 -0.28713
2707 -0.774982 -0.217946
2708 -0.793278 -0.147202
2709 -0.804435 -0.0754217
2710 -0.808375 -0.00311675
2711 -0.805071 0.0692106
2712 -0.794545 0.141058
2713 -0.776872 0.211917
2714 -0.752175 0.281263
2715 -0.720632 0.348552
2716 -0.682478 0.413218
2717 -0.638003 0.474673
2718 -0.587557 0.53231
2719 -0.531555 0.585508
2720 -0.470469 0.63365
2721 -0.404838 0.676135
2722 -0.335255 0.712392
2723 -0.262371 0.741909
2724 -0.186883 0.764247
2725 -0.109529 0.779059
2726 -0.0310768 0.786111
2727 0.0476897 0.785288
2728 0.12598 0.776604
2729 0.203012 0.760197
2730 0.278024 0.736328
2731 0.350284 0.705361
2732 0.419105 0.667754
2733 0.483845 0.624033
2734 0.543923 0.574776
2735 0.598813 0.520589
2736 0.648053 0.462092
2737 0.691244 0.399902
2738 0.728047 0.334625
2739 0.758183 0.266844
2740 0.781429 0.197121
2741 0.79762 0.125996
2742 0.806641 0.0539874
2743 0.80843 -0.0183958
2744 0.802974 -0.0906526
2745 0.790312 -0.16228
2746 0.770531 -0.232764
2747 0.743772 -0.301575
2748 0.710229 -0.368165
2749 0.670152 -0.431959
2750 0.623851 -0.492362
2751 0.571694 -0.548763
2752 0.514112 -0.600542
2753 0.451599 -0.647081
2754 0.384709 -0.687789
2755 0.314054 -0.722108
2756 0.240298 -0.749547
2757 0.164154 -0.76969
2758 0.0863678 -0.782224
2759 0.00771408 -0.786948
2760 -0.0710193 -0.783785
2761 -0.149043 -0.772786
2762 -0.225579 -0.754128
2763 -0.299874 -0.728103
2764 -0.371207 -0.695105
2765 -0.438904 -0.655615
2766 -0.50234 -0.610176
2767 -0.560951 -0.559377
2768 -0.614228 -0.503831
2769 -0.66173 -0.444158
2770 -0.703073 -0.380973
2771 -0.737938 -0.314875
2772 -0.766061 -0.246442
2773 -0.787239 -0.176229
2774 -0.80132 -0.104769
2775 -0.808206 -0.0325784
2776 -0.807848 0.0398389
2777 -0.80025 0.111981
2778 -0.785464 0.183343
2779 -0.763594 0.253407
2780 -0.734796 0.321639
2781 -0.69928 0.387481
2782 -0.657314 0.450353
2783 -0.609223 0.509654
2784 -0.555397 0.564769
2785 -0.496283 0.615077
2786 -0.432395 0.659966
2787 -0.364303 0.698853
2788 -0.292636 0.731196
2789 -0.218074 0.756525
2790 -0.14134 0.774453
2791 -0.0631904 0.784696
2792 0.0155949 0.787092
2793 0.0942261 0.781599
2794 0.171916 0.768308
2795 0.247891 0.74743
2796 0.321407 0.719289
2797 0.391757 0.684308
2798 0.458278 0.642987
2799 0.520365 0.595887
2800 0.577468 0.543604
2801 0.629099 0.486757
2802 0.674832 0.425965
2803 0.714305 0.36184
2804 0.747214 0.294975
2805 0.773313 0.22594
2806 0.792414 0.155285
2807 0.804383 0.0835373
2808 0.809134 0.011208
2809 0.806637 -0.0611997
2810 0.796907 -0.133184
2811 0.780013 -0.204237
2812 0.756073 -0.273836
2813 0.725259 -0.34144
2814 0.687798 -0.406486
2815 0.643975 -0.468387
2816 0.594135 -0.526535
2817 0.538682 -0.580314
2818 0.478086 -0.629102
2819 0.412875 -0.672295
2820 0.343639 -0.709319
2821 0.271023 -0.73965
2822 0.195719 -0.762841
2823 0.118463 -0.778534
2824 0.0400183 -0.786479
2825 -0.0388296 -0.786549
2826 -0.11729 -0.778741
2827 -0.194579 -0.763182
2828 -0.269931 -0.740117
2829 -0.342609 -0.709903
2830 -0.41192 -0.672987
2831 -0.477217 -0.62989
2832 -0.537909 -0.581185
2833 -0.593466 -0.527477
2834 -0.643418 -0.469387
2835 -0.687357 -0.407533
2836 -0.724937 -0.342521
2837 -0.755874 -0.27494
2838 -0.779938 -0.205354
2839 -0.796958 -0.134304
2840 -0.806812 -0.0623131
2841 -0.809433 0.0101106
2842 -0.804802 0.0824653
2843 -0.792952 0.154248
2844 -0.773965 0.224948
2845 -0.747976 0.294037
2846 -0.715171 0.360967
2847 -0.675796 0.425169
2848 -0.630151 0.486048
2849 -0.5786 0.542994
2850 -0.521566 0.595386
2851 -0.459537 0.642607
2852 -0.393058 0.684058
2853 -0.322737 0.719179
2854 -0.249234 0.747465
2855 -0.173254 0.768493
2856 -0.0955426 0.781935
2857 -0.0168721 0.787577
2858 0.0619699 0.785326
2859 0.140193 0.77522
2860 0.217016 0.75742
2861 0.291682 0.732206
2862 0.363464 0.699964
2863 0.431683 0.661163
2864 0.495707 0.616344
2865 0.554964 0.566091
2866 0.608938 0.511016
2867 0.65718 0.451739
2868 0.699299 0.388878
2869 0.734969 0.323034
2870 0.763919 0.254788
2871 0.785939 0.184698
2872 0.800872 0.1133
2873 0.808612 0.04111
2874 0.809106 -0.0313647
2875 0.802351 -0.103623
2876 0.788394 -0.175162
2877 0.767332 -0.245464
2878 0.739314 -0.313997
2879 0.704546 -0.380206
2880 0.663287 -0.443515
2881 0.615856 -0.503324
2882 0.562636 -0.559017
2883 0.504067 -0.609974
2884 0.440655 -0.655581
2885 0.372964 -0.695247
2886 0.301617 -0.728426
2887 0.227289 -0.754636
2888 0.150699 -0.773478
2889 0.0726007 -0.784657
2890 -0.00622775 -0.787993
2891 -0.0849959 -0.783432
2892 -0.162915 -0.771047
2893 -0.239208 -0.751037
2894 -0.313127 -0.723713
2895 -0.383959 -0.689487
2896 -0.451034 -0.648854
2897 -0.51374 -0.602368
2898 -0.57152 -0.550624
2899 -0.623878 -0.494238
2900 -0.670381 -0.433832
2901 -0.710657 -0.370019
2902 -0.744398 -0.303394
2903 -0.771349 -0.234534
2904 -0.791317 -0.163987
2905 -0.80416 -0.0922854
2906 -0.809787 -0.0199412
2907 -0.80816 0.0525415
2908 -0.799291 0.124662
2909 -0.783241 0.195912
2910 -0.760122 0.265772
2911 -0.730099 0.333704
2912 -0.693394 0.399146
2913 -0.650284 0.461514
2914 -0.601105 0.520202
2915 -0.546257 0.574594
2916 -0.486201 0.624067
2917 -0.421458 0.668013
2918 -0.352611 0.705852
2919 -0.280299 0.737054
2920 -0.20521 0.761159
2921 -0.128075 0.777796
2922 -0.0496572 0.786703
2923 0.0292613 0.787735
2924 0.107889 0.780876
2925 0.185438 0.766235
2926 0.261139 0.744047
2927 0.334253 0.714653
2928 0.404078 0.678493
2929 0.469962 0.63608
2930 0.531305 0.587982
2931 0.58757 0.534804
2932 0.638279 0.477165
2933 0.683016 0.415684
2934 0.721429 0.350972
2935 0.753224 0.283619
2936 0.778166 0.214192
2937 0.796075 0.143236
2938 0.806826 0.0712751
2939 0.810343 -0.00118049
2940 0.806602 -0.0736288
2941 0.79563 -0.145568
2942 0.777501 -0.216487
2943 0.752345 -0.285861
2944 0.720342 -0.353146
2945 0.681729 -0.417773
2946 0.636801 -0.479151
2947 0.585913 -0.536671
2948 0.529481 -0.589711
2949 0.467985 -0.637654
2950 0.401964 -0.679894
2951 0.332018 -0.715867
2952 0.258802 -0.745058
2953 0.183017 -0.767032
2954 0.105403 -0.781448
2955 0.0267325 -0.788076
2956 -0.0522087 -0.786809
2957 -0.130629 -0.777667
2958 -0.207744 -0.760797
2959 -0.282793 -0.736465
2960 -0.355044 -0.705045
2961 -0.42381 -0.666999
2962 -0.488454 -0.622859
2963 -0.548393 -0.573206
2964 -0.603107 -0.51865
2965 -0.652136 -0.459813
2966 -0.695083 -0.397313
2967 -0.731612 -0.331755
2968 -0.761448 -0.263723
2969 -0.78437 -0.193778
2970 -0.800216 -0.122458
2971 -0.808874 -0.0502817
2972 -0.810285 0.0222427
2973 -0.804438 0.0946143
2974 -0.791374 0.16633
2975 -0.771185 0.236875
2976 -0.744012 0.305719
2977 -0.710054 0.372311
2978 -0.669564 0.436076
2979 -0.622853 0.496416
2980 -0.570295 0.552717
2981 -0.512324 0.604359
2982 -0.449437 0.650724
2983 -0.382192 0.691216
2984 -0.311206 0.725284
2985 -0.237146 0.752433
2986 -0.160728 0.772253
2987 -0.0827029 0.784434
2988 -0.00384644 0.788781
2989 0.0750509 0.785222
2990 0.153198 0.773816
2991 0.229817 0.754745
2992 0.304152 0.728307
2993 0.375486 0.694905
2994 0.443143 0.655023
2995 0.506501 0.60921
2996 0.564996 0.558057
2997 0.618125 0.50218
2998 0.665445 0.442202
2999 0.706579 0.378737
3000 0.741206 0.312385
3001 0.769069 0.243723
3002 0.789964 0.173306
3003 0.803742 0.101666
3004 0.810309 0.029318
3005 0.809619 -0.043233
3006 0.801675 -0.115486
3007 0.786534 -0.186936
3008 0.764301 -0.257063
3009 0.735134 -0.325333
3010 0.699248 -0.391186
3011 0.656911 -0.454041
3012 0.608453 -0.513295
3013 0.554266 -0.568331
3014 0.494801 -0.618526
3015 0.430574 -0.663267
3016 0.362161 -0.70197
3017 0.290192 -0.734097
3018 0.215352 -0.759175
3019 0.138366 -0.776821
3020 0.059994 -0.786757
3021 -0.0189815 -0.788823
3022 -0.0977689 -0.782984
3023 -0.175579 -0.769335
3024 -0.251639 -0.748093
3025 -0.325204 -0.71959
3026 -0.395565 -0.684251
3027 -0.462064 -0.642585
3028 -0.524093 -0.595152
3029 -0.581106 -0.542556
3030 -0.632617 -0.485414
3031 -0.678202 -0.424348
3032 -0.7175 -0.359971
3033 -0.75021 -0.292875
3034 -0.776088 -0.223632
3035 -0.794949 -0.152789
3036 -0.806659 -0.0808737
3037 -0.811136 -0.00839656
3038 -0.80835 0.0641394
3039 -0.798321 0.136232
3040 -0.781117 0.207374
3041 -0.756859 0.277041
3042 -0.725722 0.344692
3043 -0.687934 0.40976
3044 -0.643783 0.471658
3045 -0.593616 0.529778
3046 -0.537842 0.583499
3047 -0.47693 0.632201
3048 -0.411415 0.675275
3049 -0.341888 0.712149
3050 -0.268997 0.742301
3051 -0.193438 0.765282
3052 -0.115949 0.780737
3053 -0.0372964 0.78842
3054 0.0417321 0.788208
3055 0.120344 0.780102
3056 0.197754 0.764235
3057 0.273195 0.740857
3058 0.345932 0.710328
3059 0.415269 0.673102
3060 0.480562 0.629702
3061 0.541221 0.580706
3062 0.596716 0.526721
3063 0.646578 0.468369
3064 0.690403 0.406271
3065 0.727846 0.341033
3066 0.758623 0.273244
3067 0.782508 0.203466
3068 0.799329 0.132242
3069 0.808969 0.0600941
3070 0.81136 -0.0124705
3071 0.806487 -0.08495
3072 0.794383 -0.156841
3073 0.775131 -0.227633
3074 0.748869 -0.296796
3075 0.715785 -0.363783
3076 0.676126 -0.428021
3077 0.630195 -0.488915
3078 0.578357 -0.545853
3079 0.521039 -0.598212
3080 0.458728 -0.645374
3081 0.391977 -0.686739
3082 0.321393 -0.721746
3083 0.247639 -0.749891
3084 0.171424 -0.770751
3085 0.0934963 -0.784
3086 0.0146294 -0.789427
3087 -0.0643864 -0.786943
3088 -0.142759 -0.776589
3089 -0.219707 -0.758529
3090 -0.29447 -0.73305
3091 -0.366324 -0.70054
3092 -0.434587 -0.661474
3093 -0.498629 -0.616394
3094 -0.557877 -0.565888
3095 -0.611819 -0.51057
3096 -0.660004 -0.451064
3097 -0.702045 -0.387986
3098 -0.737615 -0.321939
3099 -0.766446 -0.253504
3100 -0.788328 -0.183238
3101 -0.803106 -0.111678
3102 -0.810677 -0.0393395
3103 -0.810987 0.0332712
3104 -0.804035 0.105653
3105 -0.789869 0.177302
3106 -0.768587 0.247701
3107 -0.740341 0.316318
3108 -0.705337 0.382596
3109 -0.663836 0.445956
3110 -0.61616 0.505799
3111 -0.56269 0.561507
3112 -0.503872 0.612458
3113 -0.440212 0.658037
3114 -0.372278 0.697651
3115 -0.300694 0.730754
3116 -0.226138 0.756863
3117 -0.14933 0.775582
3118 -0.0710284 0.786614
3119 0.00798783 0.789784
3120 0.0869262 0.785038
3121 0.164996 0.772453
3122 0.24142 0.752232
3123 0.315448 0.724689
3124 0.386365 0.690242
3125 0.453506 0.649385
3126 0.516253 0.602678
3127 0.574053 0.550718
3128 0.62641 0.494123
3129 0.672891 0.433515
3130 0.713126 0.36951
3131 0.746806 0.302704
3132 0.77368 0.233671
3133 0.793553 0.162963
3134 0.806285 0.0911087
3135 0.811787 0.0186221
3136 0.810022 -0.0539938
3137 0.801001 -0.126238
3138 0.784787 -0.197602
3139 0.761494 -0.267567
3140 0.731287 -0.335593
3141 0.694388 -0.401118
3142 0.651077 -0.463555
3143 0.601691 -0.5223
3144 0.546631 -0.576732
3145 0.486359 -0.626228
3146 0.421399 -0.670179
3147 0.352336 -0.708002
3148 0.27981 -0.739168
3149 0.204513 -0.763215
3150 0.127176 -0.779774
3151 0.0485642 -0.788581
3152 -0.0305367 -0.789494
3153 -0.109333 -0.782499
3154 -0.187038 -0.767708
3155 -0.262879 -0.745356
3156 -0.336115 -0.71579
3157 -0.406045 -0.679451
3158 -0.472015 -0.636855
3159 -0.533427 -0.588574
3160 -0.589742 -0.535214
3161 -0.640483 -0.477396
3162 -0.685235 -0.415741
3163 -0.723644 -0.350859
3164 -0.75542 -0.283343
3165 -0.780326 -0.213759
3166 -0.798184 -0.142652
3167 -0.808869 -0.0705474
3168 -0.812306 0.00204631
3169 -0.808472 0.0746268
3170 -0.797393 0.146692
3171 -0.779147 0.217731
3172 -0.75386 0.28722
3173 -0.721716 0.354612
3174 -0.682951 0.419338
3175 -0.637862 0.480806
3176 -0.586804 0.538406
3177 -0.530195 0.591514
3178 -0.468515 0.639511
3179 -0.402306 0.681792
3180 -0.332169 0.717787
3181 -0.25876 0.746984
3182 -0.182782 0.768944
3183 -0.104979 0.783328
3184 -0.0261223 0.789904
3185 0.0529987 0.788567
3186 0.131591 0.779337
3187 0.208868 0.762364
3188 0.284068 0.737916
3189 0.356458 0.706368
3190 0.42535 0.668185
3191 0.490105 0.623901
3192 0.550142 0.5741
3193 0.604938 0.519394
3194 0.654034 0.460407
3195 0.697032 0.397757
3196 0.733598 0.33205
3197 0.763456 0.263871
3198 0.786386 0.193782
3199 0.802225 0.12232
3200 0.810862 0.0500062
3201 0.812239 -0.0226539
3202 0.806344 -0.0951589
3203 0.793219 -0.167005
3204 0.772956 -0.237678
3205 0.745697 -0.306648
3206 0.711639 -0.373362
3207 0.671038 -0.437245
3208 0.624204 -0.497698
3209 0.571512 -0.554106
3210 0.513397 -0.605845
3211 0.450357 -0.652299
3212 0.382951 -0.692868
3213 0.311796 -0.726999
3214 0.237562 -0.754197
3215 0.160966 -0.774049
3216 0.0827593 -0.786245
3217 0.00372147 -0.790588
3218 -0.075356 -0.787008
3219 -0.15368 -0.775563
3220 -0.230471 -0.756436
3221 -0.304973 -0.729927
3222 -0.376464 -0.69644
3223 -0.44427 -0.656461
3224 -0.507767 -0.610541
3225 -0.56639 -0.559274
3226 -0.619634 -0.503277
3227 -0.667058 -0.443173
3228 -0.708282 -0.37958
3229 -0.742988 -0.313097
3230 -0.770915 -0.244303
3231 -0.791861 -0.173753
3232 -0.805678 -0.101979
3233 -0.81227 -0.029497
3234 -0.81159 0.0431894
3235 -0.803644 0.115579
3236 -0.788487 0.187166
3237 -0.766224 0.257431
3238 -0.737014 0.32584
3239 -0.701069 0.391833
3240 -0.658661 0.454827
3241 -0.610118 0.514219
3242 -0.555831 0.569389
3243 -0.496254 0.619715
3244 -0.431902 0.664581
3245 -0.363351 0.703401
3246 -0.291233 0.735633
3247 -0.216235 0.760804
3248 -0.139081 0.778529
3249 -0.0605352 0.788528
3250 0.0186201 0.790639
3251 0.0975909 0.784827
3252 0.175586 0.771186
3253 0.251832 0.749935
3254 0.325579 0.721404
3255 0.39612 0.686023
3256 0.462793 0.644297
3257 0.524991 0.596793
3258 0.582164 0.544113
3259 0.633826 0.486878
3260 0.679553 0.425711
3261 0.718982 0.361225
3262 0.751811 0.294015
3263 0.777798 0.224652
3264 0.796755 0.153685
3265 0.808548 0.0816413
3266 0.813096 0.00903146
3267 0.810367 -0.0636414
