0 0.781863 -0.0705855
1 0.771281 -0.140668
2 0.753729 -0.209739
3 0.729333 -0.277276
4 0.698274 -0.342739
5 0.660785 -0.405571
6 0.61716 -0.465194
7 0.567747 -0.521017
8 0.512956 -0.572441
9 0.453258 -0.618874
10 0.389182 -0.65974
11 0.32131 -0.694502
12 0.250281 -0.722677
13 0.176775 -0.743853
14 0.10151 -0.757713
15 0.0252325 -0.764041
16 -0.0512978 -0.762739
17 -0.127315 -0.753826
18 -0.202063 -0.737443
19 -0.274804 -0.713841
20 -0.344831 -0.683371
21 -0.411478 -0.646471
22 -0.474125 -0.603645
23 -0.532207 -0.555445
24 -0.585214 -0.502454
25 -0.632698 -0.445269
26 -0.674268 -0.384487
27 -0.709595 -0.320694
28 -0.738407 -0.254462
29 -0.760488 -0.186343
30 -0.775676 -0.116869
31 -0.783861 -0.0465583
32 -0.784987 0.0240835
33 -0.779045 0.0945543
34 -0.766076 0.16435
35 -0.746175 0.232957
36 -0.719485 0.299849
37 -0.686205 0.364479
38 -0.646589 0.426283
39 -0.600948 0.484677
40 -0.549654 0.539068
41 -0.493135 0.588857
42 -0.431882 0.633456
43 -0.366444 0.6723
44 -0.297422 0.704867
45 -0.22547 0.730698
46 -0.151282 0.749412
47 -0.0755878 0.760723
48 0.000862127 0.764456
49 0.0773034 0.760551
50 0.152972 0.749071
51 0.227118 0.730194
52 0.299011 0.704207
53 0.367959 0.671492
54 0.43331 0.632513
55 0.494462 0.587791
56 0.550868 0.537892
57 0.60204 0.483404
58 0.647549 0.424926
59 0.687025 0.363053
60 0.720159 0.298365
61 0.746698 0.231429
62 0.766445 0.162789
63 0.779256 0.092973
64 0.78504 0.0224928
65 0.783755 -0.0481471
66 0.77541 -0.118445
67 0.760066 -0.187894
68 0.737832 -0.255976
69 0.708871 -0.322159
70 0.6734 -0.385891
71 0.631692 -0.446599
72 0.58408 -0.503696
73 0.530953 -0.556585
74 0.472763 -0.60467
75 0.410019 -0.647369
76 0.343289 -0.68413
77 0.273193 -0.714449
78 0.200399 -0.737893
79 0.125615 -0.75411
80 0.0495773 -0.762852
81 -0.0269557 -0.763982
82 -0.103219 -0.757483
83 -0.178452 -0.743456
84 -0.25191 -0.722118
85 -0.322876 -0.69379
86 -0.390668 -0.658885
87 -0.454653 -0.617887
88 -0.514246 -0.571336
89 -0.56892 -0.519806
90 -0.618207 -0.463891
91 -0.661698 -0.404189
92 -0.699045 -0.341292
93 -0.729957 -0.275776
94 -0.7542 -0.208199
95 -0.771596 -0.139099
96 -0.78202 -0.0689997
97 -0.785396 0.0015913
98 -0.781702 0.072171
99 -0.770962 0.142237
100 -0.753254 0.211279
101 -0.728706 0.278775
102 -0.697499 0.344185
103 -0.659869 0.406951
104 -0.616109 0.466495
105 -0.56657 0.522225
106 -0.511664 0.573544
107 -0.451862 0.619857
108 -0.387693 0.660592
109 -0.319743 0.695211
110 -0.248651 0.723232
111 -0.175097 0.744247
112 -0.0998012 0.757939
113 -0.0235091 0.764096
114 0.053018 0.762622
115 0.129015 0.753539
116 0.203726 0.73699
117 0.276413 0.713229
118 0.346372 0.682609
119 0.412935 0.64557
120 0.475486 0.602616
121 0.533458 0.554302
122 0.586346 0.50121
123 0.6337 0.443938
124 0.675133 0.383081
125 0.710317 0.319227
126 0.738979 0.252947
127 0.760906 0.184791
128 0.775937 0.115293
129 0.783965 0.0449694
130 0.784931 -0.0256741
131 0.77883 -0.0961352
132 0.765704 -0.16591
133 0.745648 -0.234484
134 0.718807 -0.301331
135 0.685382 -0.365904
136 0.645626 -0.427637
137 0.599854 -0.485948
138 0.548437 -0.540242
139 0.491806 -0.589921
140 0.430453 -0.634396
141 0.364927 -0.673104
142 0.295832 -0.705525
143 0.223822 -0.731199
144 0.149592 -0.749749
145 0.0738717 -0.760891
146 -0.00258638 -0.764452
147 -0.0790186 -0.760376
148 -0.154662 -0.748727
149 -0.228764 -0.729686
150 -0.300599 -0.703542
151 -0.369472 -0.670682
152 -0.434735 -0.631567
153 -0.495786 -0.586722
154 -0.552079 -0.536713
155 -0.603128 -0.482129
156 -0.648505 -0.423568
157 -0.687842 -0.361625
158 -0.72083 -0.296881
159 -0.747218 -0.2299
160 -0.76681 -0.161228
161 -0.779464 -0.0913913
162 -0.785089 -0.020902
163 -0.783644 0.0497357
164 -0.775141 0.12002
165 -0.75964 0.189444
166 -0.737253 0.25749
167 -0.708143 0.323624
168 -0.672528 0.387293
169 -0.630684 0.447926
170 -0.582943 0.504935
171 -0.529697 0.557723
172 -0.471398 0.605693
173 -0.408558 0.648264
174 -0.341745 0.684885
175 -0.271581 0.715054
176 -0.198734 0.738339
177 -0.123913 0.75439
178 -0.0478565 0.762962
179 0.0286789 0.76392
180 0.104927 0.757249
181 0.180129 0.743055
182 0.253538 0.721555
183 0.32444 0.693075
184 0.392153 0.658027
185 0.456045 0.616898
186 0.515533 0.570228
187 0.570091 0.518593
188 0.619252 0.462586
189 0.662608 0.402806
190 0.699813 0.339844
191 0.730577 0.274275
192 0.754668 0.206658
193 0.771908 0.13753
194 0.782174 0.0674136
195 0.785391 -0.0031826
196 0.781537 -0.0737563
197 0.77064 -0.143805
198 0.752776 -0.212818
199 0.728076 -0.280273
200 0.696722 -0.34563
201 0.65895 -0.40833
202 0.615056 -0.467794
203 0.565391 -0.523432
204 0.51037 -0.574644
205 0.450463 -0.620838
206 0.386202 -0.661441
207 0.318174 -0.695916
208 0.247019 -0.723783
209 0.173418 -0.744637
210 0.0980914 -0.758161
211 0.0217856 -0.764147
212 -0.054738 -0.7625
213 -0.130714 -0.753248
214 -0.205388 -0.736533
215 -0.278021 -0.712613
216 -0.34791 -0.681844
217 -0.41439 -0.644666
218 -0.476843 -0.601585
219 -0.534707 -0.553157
220 -0.587475 -0.499964
221 -0.6347 -0.442605
222 -0.675996 -0.381674
223 -0.711035 -0.317759
224 -0.739548 -0.251431
225 -0.761321 -0.183239
226 -0.776195 -0.113717
227 -0.784064 -0.0433803
228 -0.784871 0.0272646
229 -0.778611 0.0977159
230 -0.765328 0.167469
231 -0.745117 0.236011
232 -0.718126 0.302812
233 -0.684555 0.367328
234 -0.644661 0.42899
235 -0.598757 0.487217
236 -0.547217 0.541414
237 -0.490474 0.590982
238 -0.429021 0.635333
239 -0.363408 0.673905
240 -0.29424 0.706179
241 -0.222172 0.731697
242 -0.1479 0.750082
243 -0.0721554 0.761055
244 0.00431061 0.764444
245 0.0807335 0.760196
246 0.15635 0.748378
247 0.230409 0.729174
248 0.302185 0.702875
249 0.370984 0.669868
250 0.436158 0.630618
251 0.497108 0.585651
252 0.553288 0.535532
253 0.604214 0.480852
254 0.649459 0.422208
255 0.688656 0.360196
256 0.721498 0.295395
257 0.747735 0.228371
258 0.767172 0.159667
259 0.779668 0.0898093
260 0.785134 0.0193112
261 0.78353 -0.0513241
262 0.774869 -0.121594
263 0.759212 -0.190993
264 0.736671 -0.259002
265 0.707411 -0.325087
266 0.671653 -0.388694
267 0.629672 -0.449252
268 0.581803 -0.506173
269 0.528438 -0.558858
270 0.470031 -0.606713
271 0.407095 -0.649156
272 0.3402 -0.685637
273 0.269968 -0.715656
274 0.197069 -0.738781
275 0.122212 -0.754666
276 0.0461355 -0.763067
277 -0.0304018 -0.763853
278 -0.106635 -0.757012
279 -0.181804 -0.74265
280 -0.255165 -0.72099
281 -0.326002 -0.692356
282 -0.393636 -0.657166
283 -0.457435 -0.615906
284 -0.516818 -0.569118
285 -0.571259 -0.517377
286 -0.620293 -0.461279
287 -0.663515 -0.401421
288 -0.700577 -0.338394
289 -0.731193 -0.272773
290 -0.755132 -0.205116
291 -0.772217 -0.13596
292 -0.782324 -0.0658274
293 -0.785382 0.00477388
294 -0.781369 0.0753413
295 -0.770314 0.145372
296 -0.752295 0.214356
297 -0.727443 0.28177
298 -0.695941 0.347073
299 -0.658028 0.409706
300 -0.614 0.469091
301 -0.56421 0.524636
302 -0.509072 0.575742
303 -0.449061 0.621816
304 -0.384709 0.662286
305 -0.316604 0.696618
306 -0.245386 0.724332
307 -0.171738 0.745023
308 -0.0963811 0.758379
309 -0.020062 0.764194
310 0.0564577 0.762375
311 0.132413 0.752953
312 0.207048 0.736073
313 0.279628 0.711994
314 0.349447 0.681076
315 0.415843 0.643759
316 0.478199 0.600551
317 0.535953 0.552009
318 0.588601 0.498716
319 0.635696 0.44127
320 0.676855 0.380266
321 0.711749 0.31629
322 0.740113 0.249914
323 0.761732 0.181686
324 0.77645 0.11214
325 0.78416 0.041791
326 0.784808 -0.028855
327 0.778389 -0.0992961
328 0.764949 -0.169028
329 0.744584 -0.237536
330 0.717442 -0.304292
331 0.683725 -0.36875
332 0.643692 -0.430341
333 0.597657 -0.488484
334 0.545995 -0.542583
335 0.48914 -0.59204
336 0.427587 -0.636267
337 0.361887 -0.674703
338 0.292646 -0.706829
339 0.220521 -0.732191
340 0.146208 -0.750412
341 0.0704386 -0.761215
342 -0.00603483 -0.764433
343 -0.0824479 -0.760013
344 -0.158037 -0.748026
345 -0.232053 -0.728659
346 -0.303769 -0.702204
347 -0.372494 -0.669051
348 -0.437579 -0.629666
349 -0.498427 -0.584577
350 -0.554495 -0.534349
351 -0.605297 -0.479573
352 -0.650409 -0.420847
353 -0.689466 -0.358765
354 -0.722162 -0.293908
355 -0.748248 -0.22684
356 -0.76753 -0.158104
357 -0.779869 -0.088227
358 -0.785176 -0.0177202
359 -0.783413 0.0529123
360 -0.774593 0.123169
361 -0.758779 0.192542
362 -0.736085 0.260513
363 -0.706677 0.326548
364 -0.670775 0.390093
365 -0.628658 0.450576
366 -0.58066 0.507408
367 -0.527176 0.559991
368 -0.468662 0.607731
369 -0.40563 0.650045
370 -0.338653 0.686386
371 -0.268353 0.716254
372 -0.195402 0.739219
373 -0.120509 0.754938
374 -0.0444143 0.763169
375 0.0321246 0.763783
376 0.108342 0.756771
377 0.183479 0.742242
378 0.256791 0.72042
379 0.327563 0.691634
380 0.395118 0.656302
381 0.458823 0.614911
382 0.5181 0.568005
383 0.572424 0.51616
384 0.621332 0.45997
385 0.664418 0.400035
386 0.701339 0.336942
387 0.731807 0.27127
388 0.755593 0.203573
389 0.772521 0.13439
390 0.782471 0.0642409
391 0.785369 -0.00636515
392 0.781198 -0.076926
393 0.769984 -0.146939
394 0.75181 -0.215893
395 0.726806 -0.283265
396 0.695157 -0.348515
397 0.657103 -0.411082
398 0.61294 -0.470387
399 0.563025 -0.525838
400 0.507773 -0.576837
401 0.447658 -0.622791
402 0.383215 -0.663129
403 0.315032 -0.697317
404 0.243751 -0.724876
405 0.170057 -0.745405
406 0.0946703 -0.758594
407 0.0183383 -0.764237
408 -0.0581771 -0.762247
409 -0.134111 -0.752654
410 -0.208708 -0.735609
411 -0.281233 -0.711372
412 -0.350982 -0.680304
413 -0.417294 -0.642848
414 -0.479552 -0.599515
415 -0.537197 -0.550859
416 -0.589724 -0.497466
417 -0.63669 -0.439933
418 -0.67771 -0.378856
419 -0.712461 -0.31482
420 -0.740674 -0.248396
421 -0.76214 -0.180133
422 -0.776701 -0.110563
423 -0.784253 -0.0402016
424 -0.784741 0.0304453
425 -0.778164 0.100876
426 -0.764566 0.170586
427 -0.744046 0.239061
428 -0.716754 0.305771
429 -0.682892 0.37017
430 -0.64272 0.431691
431 -0.596554 0.489749
432 -0.54477 0.54375
433 -0.487804 0.593096
434 -0.426151 0.637198
435 -0.360364 0.675498
436 -0.291051 0.707476
437 -0.218869 0.732681
438 -0.144515 0.750738
439 -0.0687215 0.761372
440 0.00775901 0.764417
441 0.0841619 0.759826
442 0.159724 0.747671
443 0.233696 0.728139
444 0.305352 0.701529
445 0.374002 0.668231
446 0.438998 0.628712
447 0.499744 0.5835
448 0.555698 0.533163
449 0.606377 0.478292
450 0.651357 0.419484
451 0.690274 0.357333
452 0.722823 0.29242
453 0.748758 0.225309
454 0.767885 0.156541
455 0.780066 0.0866444
456 0.785214 0.0161293
457 0.783292 -0.0545004
458 0.774314 -0.124742
459 0.758343 -0.19409
460 0.735496 -0.262023
461 0.705939 -0.328009
462 0.669894 -0.391491
463 0.62764 -0.451898
464 0.579514 -0.508641
465 0.525912 -0.561122
466 0.46729 -0.608745
467 0.404163 -0.650931
468 0.337104 -0.687132
469 0.266737 -0.716849
470 0.193734 -0.739654
471 0.118806 -0.755207
472 0.0426928 -0.763267
473 -0.0338473 -0.763709
474 -0.110049 -0.756526
475 -0.185152 -0.741829
476 -0.258415 -0.719847
477 -0.329122 -0.690909
478 -0.396597 -0.655434
479 -0.460209 -0.613914
480 -0.519379 -0.56689
481 -0.573587 -0.51494
482 -0.622367 -0.45866
483 -0.665319 -0.398646
484 -0.702097 -0.33549
485 -0.732417 -0.269765
486 -0.75605 -0.202029
487 -0.772822 -0.132819
488 -0.782614 -0.0626541
489 -0.785353 0.00795639
490 -0.781022 0.0785104
491 -0.769651 0.148505
492 -0.751321 0.217429
493 -0.726165 0.28476
494 -0.694369 0.349955
495 -0.656174 0.412455
496 -0.611878 0.47168
497 -0.561838 0.527037
498 -0.506471 0.577929
499 -0.446252 0.623763
500 -0.381718 0.663968
501 -0.313459 0.698012
502 -0.242116 0.725417
503 -0.168375 0.745784
504 -0.092959 0.758804
505 -0.0166145 0.764276
506 0.0598962 0.762114
507 0.135808 0.752351
508 0.210366 0.735141
509 0.282836 0.710746
510 0.352516 0.679529
511 0.418742 0.641935
512 0.480903 0.598476
513 0.538437 0.549707
514 0.590844 0.496214
515 0.63768 0.438594
516 0.678563 0.377444
517 0.713169 0.313349
518 0.741233 0.246877
519 0.762544 0.178579
520 0.776948 0.108985
521 0.784342 0.0386121
522 0.784671 -0.0320355
523 0.777934 -0.102456
524 0.76418 -0.172143
525 0.743506 -0.240584
526 0.716063 -0.307249
527 0.682056 -0.371589
528 0.641745 -0.433039
529 0.595448 -0.491012
530 0.543543 -0.544915
531 0.486465 -0.594149
532 0.424713 -0.638127
533 0.35884 -0.676289
534 0.289455 -0.70812
535 0.217216 -0.733167
536 0.142822 -0.75106
537 0.067004 -0.761524
538 -0.00948316 -0.764398
539 -0.0858755 -0.759635
540 -0.16141 -0.747311
541 -0.235338 -0.727617
542 -0.306934 -0.700851
543 -0.375508 -0.667407
544 -0.440415 -0.627754
545 -0.501059 -0.582421
546 -0.556899 -0.531975
547 -0.607454 -0.477009
548 -0.652301 -0.418119
549 -0.691078 -0.3559
550 -0.723481 -0.290931
551 -0.749264 -0.223776
552 -0.768236 -0.154978
553 -0.78026 -0.0850615
554 -0.785248 -0.0145382
555 -0.783167 0.0560882
556 -0.774031 0.126316
557 -0.757904 0.195637
558 -0.734903 0.263533
559 -0.705198 0.329468
560 -0.66901 0.392887
561 -0.62662 0.453218
562 -0.578366 0.509872
563 -0.524646 0.56225
564 -0.465916 0.609757
565 -0.402694 0.651814
566 -0.335553 0.687874
567 -0.265119 0.71744
568 -0.192065 0.740085
569 -0.117102 0.755471
570 -0.0409711 0.763361
571 0.0355698 0.763631
572 0.111755 0.756277
573 0.186825 0.741414
574 0.260038 0.719271
575 0.330679 0.690181
576 0.398074 0.654564
577 0.461592 0.612913
578 0.520656 0.565772
579 0.574746 0.513718
580 0.6234 0.457347
581 0.666216 0.397257
582 0.702851 0.334036
583 0.733023 0.26826
584 0.756504 0.200485
585 0.77312 0.131247
586 0.782753 0.0610671
587 0.785334 -0.00954761
588 0.780844 -0.0800946
589 0.769315 -0.150071
590 0.750829 -0.218965
591 0.725522 -0.286254
592 0.693579 -0.351395
593 0.655243 -0.413827
594 0.610813 -0.472971
595 0.560648 -0.528235
596 0.505166 -0.579019
597 0.444845 -0.624733
598 0.38022 -0.664805
599 0.311884 -0.698704
600 0.240479 -0.725955
601 0.166693 -0.746159
602 0.0912473 -0.759011
603 0.0148906 -0.764312
604 -0.061615 -0.761977
605 -0.137505 -0.752045
606 -0.212024 -0.734669
607 -0.284439 -0.710117
608 -0.354047 -0.678751
609 -0.420189 -0.641019
610 -0.482251 -0.597434
611 -0.539676 -0.548552
612 -0.591962 -0.49496
613 -0.638668 -0.437254
614 -0.679412 -0.376031
615 -0.713874 -0.311876
616 -0.741788 -0.245357
617 -0.762945 -0.177024
618 -0.777192 -0.107407
619 -0.784427 -0.0370224
620 -0.784597 0.0336256
621 -0.777702 0.104035
622 -0.76379 0.1737
623 -0.742962 0.242107
624 -0.715369 0.308725
625 -0.681217 0.373007
626 -0.640767 0.434384
627 -0.59434 0.492273
628 -0.542313 0.546077
629 -0.485124 0.595199
630 -0.423273 0.639052
631 -0.357314 0.677077
632 -0.287857 0.70876
633 -0.215562 0.73365
634 -0.141127 0.751378
635 -0.0652862 0.761673
636 0.0112073 0.764374
637 0.0875887 0.75944
638 0.163095 0.746948
639 0.236978 0.727091
640 0.308513 0.70017
641 0.377012 0.666581
642 0.44183 0.626794
643 0.502371 0.581339
644 0.558097 0.530785
645 0.608528 0.475723
646 0.653242 0.416752
647 0.691879 0.354465
648 0.724135 0.289441
649 0.749767 0.222243
650 0.768584 0.153414
651 0.78045 0.0834782
652 0.785279 0.0129471
653 0.783039 -0.0576758
654 0.773744 -0.127889
655 0.757461 -0.197183
656 0.734308 -0.265041
657 0.704453 -0.330926
658 0.668122 -0.394282
659 0.625597 -0.454537
660 0.577215 -0.511101
661 0.523377 -0.563375
662 0.46454 -0.610766
663 0.401223 -0.652694
664 0.334001 -0.688613
665 0.263501 -0.718027
666 0.190396 -0.740513
667 0.115398 -0.755732
668 0.0392492 -0.763451
669 -0.0372921 -0.763549
670 -0.113461 -0.756024
671 -0.188497 -0.740994
672 -0.261659 -0.718691
673 -0.332235 -0.689449
674 -0.399549 -0.653691
675 -0.462973 -0.61191
676 -0.521931 -0.564652
677 -0.575903 -0.512494
678 -0.62443 -0.456033
679 -0.66711 -0.395865
680 -0.703603 -0.332581
681 -0.733626 -0.266754
682 -0.756954 -0.19894
683 -0.773414 -0.129676
684 -0.782889 -0.05948
685 -0.78531 0.0111388
686 -0.780661 0.0816785
687 -0.768975 0.151636
688 -0.750334 0.2205
689 -0.724875 0.287746
690 -0.692785 0.352832
691 -0.654308 0.415197
692 -0.609745 0.47426
693 -0.559456 0.52943
694 -0.503859 0.580106
695 -0.443435 0.625699
696 -0.37872 0.665638
697 -0.310307 0.699392
698 -0.238841 0.726488
699 -0.165009 0.74653
700 -0.0895351 0.759214
701 -0.0131666 0.764343
702 0.0633335 0.761837
703 0.139201 0.751735
704 0.21368 0.734194
705 0.28604 0.709484
706 0.355577 0.677969
707 0.421634 0.6401
708 0.483597 0.596389
709 0.540911 0.547395
710 0.593076 0.493703
711 0.639652 0.435912
712 0.680259 0.374616
713 0.714575 0.310402
714 0.742339 0.243836
715 0.763343 0.175469
716 0.777433 0.105829
717 0.784508 0.0354326
718 0.784519 -0.0352155
719 0.777465 -0.105614
720 0.763397 -0.175256
721 0.742414 -0.243629
722 0.714671 -0.310201
723 0.680374 -0.374423
724 0.639786 -0.435729
725 0.593228 -0.493532
726 0.54108 -0.547237
727 0.483781 -0.596247
728 0.421831 -0.639975
729 0.355786 -0.677862
730 0.286258 -0.709397
731 0.213907 -0.734129
732 0.139432 -0.751692
733 0.0635681 -0.761818
734 -0.0129313 -0.764347
735 -0.0893014 -0.759242
736 -0.16478 -0.746581
737 -0.238617 -0.726561
738 -0.310092 -0.699486
739 -0.378515 -0.665751
740 -0.443242 -0.625831
741 -0.503681 -0.580255
742 -0.559293 -0.529593
743 -0.609599 -0.474436
744 -0.65418 -0.415384
745 -0.692676 -0.353029
746 -0.724786 -0.28795
747 -0.750266 -0.220709
748 -0.768928 -0.15185
749 -0.780636 -0.0818947
750 -0.785307 -0.011356
751 -0.782907 0.0592633
752 -0.773454 0.129461
753 -0.757015 0.198729
754 -0.733708 0.266548
755 -0.703705 0.332382
756 -0.667232 0.395675
757 -0.62457 0.455853
758 -0.576061 0.512327
759 -0.522105 0.564499
760 -0.463161 0.611773
761 -0.39975 0.653571
762 -0.332447 0.689348
763 -0.261881 0.718611
764 -0.188725 0.740936
765 -0.113693 0.755989
766 -0.0375272 0.763537
767 0.0390142 0.763463
768 0.115165 0.755767
769 0.190168 0.740571
770 0.26328 0.718107
771 0.333789 0.688713
772 0.401022 0.652814
773 0.464352 0.610904
774 0.523203 0.563529
775 0.577058 0.511268
776 0.625457 0.454717
777 0.668001 0.394472
778 0.704351 0.331125
779 0.734226 0.265247
780 0.757401 0.197395
781 0.773705 0.128103
782 0.783021 0.0578925
783 0.785283 -0.0127299
784 0.780475 -0.0832621
785 0.768631 -0.153201
786 0.749835 -0.222034
787 0.724224 -0.289238
788 0.691988 -0.354269
789 0.65337 -0.416566
790 0.608674 -0.475548
791 0.558261 -0.530622
792 0.50255 -0.581191
793 0.442023 -0.626663
794 0.377217 -0.666468
795 0.308729 -0.700077
796 0.237202 -0.727019
797 0.163325 -0.746898
798 0.0878225 -0.759413
799 0.0114426 -0.764371
800 -0.0650517 -0.761693
801 -0.140896 -0.751421
802 -0.215336 -0.733716
803 -0.287639 -0.708847
804 -0.357105 -0.677185
805 -0.423076 -0.639178
806 -0.484941 -0.595342
807 -0.542144 -0.546236
808 -0.594188 -0.492445
809 -0.640633 -0.434568
810 -0.681102 -0.3732
811 -0.715274 -0.308927
812 -0.742887 -0.242315
813 -0.763736 -0.173913
814 -0.77767 -0.10425
815 -0.784587 -0.0338426
816 -0.784438 0.0368054
817 -0.777225 0.107192
818 -0.763 0.176812
819 -0.741863 0.24515
820 -0.71397 0.311675
821 -0.679528 0.375838
822 -0.638802 0.437071
823 -0.592114 0.494788
824 -0.539845 0.548394
825 -0.482435 0.597291
826 -0.420386 0.640894
827 -0.354256 0.678644
828 -0.284657 0.71003
829 -0.21225 0.734605
830 -0.137736 0.752003
831 -0.0618496 0.761958
832 0.0146553 0.764316
833 0.0910136 0.759039
834 0.166463 0.74621
835 0.240256 0.726028
836 0.311669 0.698798
837 0.380015 0.664919
838 0.444652 0.624865
839 0.504988 0.579168
840 0.560486 0.528398
841 0.610668 0.473147
842 0.655115 0.414014
843 0.69347 0.351591
844 0.725433 0.286457
845 0.750762 0.219175
846 0.769268 0.150284
847 0.780819 0.0803108
848 0.785331 0.00976482
849 0.782772 -0.0608505
850 0.773161 -0.131033
851 0.756565 -0.200274
852 0.733106 -0.268055
853 0.702954 -0.333837
854 0.666338 -0.397067
855 0.623541 -0.457168
856 0.574905 -0.513551
857 0.520831 -0.565619
858 0.461781 -0.612776
859 0.398275 -0.654445
860 0.330892 -0.690081
861 0.260259 -0.719192
862 0.187053 -0.741356
863 0.111988 -0.756242
864 0.0358049 -0.76362
865 -0.0407361 -0.763374
866 -0.11687 -0.755507
867 -0.191838 -0.740144
868 -0.264899 -0.71752
869 -0.335342 -0.687975
870 -0.402494 -0.651935
871 -0.465728 -0.609895
872 -0.524473 -0.562404
873 -0.578209 -0.51004
874 -0.626481 -0.453399
875 -0.668889 -0.393078
876 -0.705096 -0.329667
877 -0.734822 -0.263739
878 -0.757844 -0.195848
879 -0.773992 -0.12653
880 -0.78315 -0.0563049
881 -0.785253 0.014321
882 -0.780286 0.0848454
883 -0.768284 0.154765
884 -0.749333 0.223567
885 -0.72357 0.290728
886 -0.691187 0.355704
887 -0.65243 0.417932
888 -0.607601 0.476833
889 -0.557063 0.531813
890 -0.501238 0.582273
891 -0.440608 0.627623
892 -0.375713 0.667295
893 -0.307149 0.700759
894 -0.235562 0.727545
895 -0.16164 0.747262
896 -0.0861094 0.759609
897 -0.00971852 0.764395
898 0.0667695 0.761545
899 0.14259 0.751103
900 0.21699 0.733233
901 0.289237 0.708208
902 0.358632 0.676397
903 0.424516 0.638253
904 0.486282 0.594292
905 0.543375 0.545074
906 0.595297 0.491184
907 0.641612 0.433222
908 0.681942 0.371783
909 0.715968 0.30745
910 0.743432 0.240792
911 0.764127 0.172356
912 0.777903 0.102671
913 0.784661 0.0322526
914 0.784353 -0.0383951
915 0.776982 -0.10877
916 0.762599 -0.178367
917 0.741309 -0.24667
918 0.713265 -0.313148
919 0.678679 -0.377251
920 0.637815 -0.438412
921 0.590997 -0.496043
922 0.538607 -0.54955
923 0.481087 -0.598334
924 0.41894 -0.64181
925 0.352725 -0.679423
926 0.283055 -0.71066
927 0.210593 -0.735077
928 0.13604 -0.75231
929 0.0601309 -0.762096
930 -0.0163792 -0.764281
931 -0.0927254 -0.758833
932 -0.168146 -0.745835
933 -0.241892 -0.725491
934 -0.313244 -0.698106
935 -0.381514 -0.664083
936 -0.44606 -0.623896
937 -0.506293 -0.578078
938 -0.561676 -0.527201
939 -0.611733 -0.471856
940 -0.656047 -0.412642
941 -0.694262 -0.350152
942 -0.726078 -0.284964
943 -0.751254 -0.217639
944 -0.769605 -0.148719
945 -0.780998 -0.0787267
946 -0.785351 -0.00817361
947 -0.782633 0.0624375
948 -0.772863 0.132604
949 -0.756112 0.201819
950 -0.7325 0.26956
951 -0.7022 0.335291
952 -0.665441 0.398457
953 -0.622509 0.458481
954 -0.573745 0.514774
955 -0.519554 0.566737
956 -0.460398 0.613777
957 -0.396798 0.655316
958 -0.329335 0.69081
959 -0.258636 0.719769
960 -0.185381 0.741773
961 -0.110282 0.756492
962 -0.0340824 0.763698
963 0.0424578 0.76328
964 0.118574 0.755243
965 0.193506 0.739713
966 0.266516 0.716929
967 0.336892 0.687233
968 0.403963 0.651052
969 0.467103 0.608884
970 0.52574 0.561276
971 0.579358 0.508809
972 0.627501 0.452078
973 0.669774 0.391682
974 0.705838 0.328208
975 0.735415 0.26223
976 0.758284 0.194301
977 0.774275 0.124957
978 0.783275 0.0547171
979 0.785219 -0.0159121
980 0.780093 -0.0864283
981 0.767933 -0.156328
982 0.748827 -0.2251
983 0.722913 -0.292217
984 0.690384 -0.357137
985 0.651486 -0.419298
986 0.606524 -0.478117
987 0.555862 -0.533001
988 0.499924 -0.583353
989 0.439192 -0.628581
990 0.374208 -0.668118
991 0.305568 -0.701437
992 0.23392 -0.728068
993 0.159954 -0.747622
994 0.0843959 -0.7598
995 0.00799438 -0.764415
996 -0.0684871 -0.761393
997 -0.144284 -0.750782
998 -0.218643 -0.732747
999 -0.290834 -0.707564
1000 -0.360156 -0.675606
1001 -0.425955 -0.637325
1002 -0.487621 -0.59324
1003 -0.544603 -0.543909
1004 -0.596403 -0.489922
1005 -0.642587 -0.431875
1006 -0.682778 -0.370364
1007 -0.71666 -0.305973
1008 -0.743973 -0.239269
1009 -0.764514 -0.170799
1010 -0.778133 -0.101092
1011 -0.784732 -0.0306624
1012 -0.784265 0.0399846
1013 -0.776735 0.110348
1014 -0.762195 0.179921
1015 -0.740751 0.248189
1016 -0.712558 0.314619
1017 -0.677827 0.378663
1018 -0.636825 0.43975
1019 -0.589877 0.497296
1020 -0.537366 0.550702
1021 -0.479736 0.599373
1022 -0.417491 0.642724
1023 -0.351192 0.680198
1024 -0.281452 0.711287
1025 -0.208934 0.735545
1026 -0.134343 0.752613
1027 -0.0584118 0.762229
1028 0.018103 0.764243
1029 0.0944367 0.758623
1030 0.169828 0.745457
1031 0.243528 0.72495
1032 0.314818 0.697412
1033 0.38301 0.663244
1034 0.447466 0.622924
1035 0.507595 0.576986
1036 0.562863 0.526002
1037 0.612796 0.470563
1038 0.656976 0.411269
1039 0.695049 0.348712
1040 0.726718 0.283469
1041 0.751743 0.216103
1042 0.769939 0.147153
1043 0.781174 0.0771423
1044 0.785367 0.00658237
1045 0.78249 -0.0640243
1046 0.772563 -0.134175
1047 0.755655 -0.203362
1048 0.73189 -0.271064
1049 0.701442 -0.336744
1050 0.664541 -0.399845
1051 0.621473 -0.459792
1052 0.572583 -0.515994
1053 0.518275 -0.567853
1054 0.459012 -0.614775
1055 0.39532 -0.656184
1056 0.327776 -0.691536
1057 0.257012 -0.720342
1058 0.183707 -0.742185
1059 0.108575 -0.756737
1060 0.0323598 -0.763773
1061 -0.0441793 -0.763183
1062 -0.120277 -0.754975
1063 -0.195174 -0.739279
1064 -0.268132 -0.716335
1065 -0.338441 -0.686488
1066 -0.40543 -0.650166
1067 -0.468475 -0.607869
1068 -0.527004 -0.560146
1069 -0.580504 -0.507576
1070 -0.628519 -0.450757
1071 -0.670655 -0.390284
1072 -0.706576 -0.326748
1073 -0.736005 -0.260719
1074 -0.75872 -0.192753
1075 -0.774555 -0.123384
1076 -0.783397 -0.0531291
1077 -0.785181 0.0175031
1078 -0.779896 0.088011
1079 -0.767579 0.157891
1080 -0.748318 0.226631
1081 -0.722253 0.293705
1082 -0.689577 0.35857
1083 -0.650539 0.420661
1084 -0.605445 0.479398
1085 -0.554659 0.534187
1086 -0.498607 0.58443
1087 -0.437773 0.629536
1088 -0.3727 0.668939
1089 -0.303985 0.702112
1090 -0.232278 0.728588
1091 -0.158268 0.747978
1092 -0.0826819 0.759988
1093 -0.0062702 0.764431
1094 0.0702042 0.761237
1095 0.145977 0.750457
1096 0.220296 0.732258
1097 0.292429 0.706918
1098 0.361679 0.674812
1099 0.427391 0.636394
1100 0.488958 0.592184
1101 0.545828 0.542743
1102 0.597507 0.488657
1103 0.643559 0.430526
1104 0.683612 0.368944
1105 0.717348 0.304494
1106 0.744511 0.237744
1107 0.764897 0.169241
1108 0.778359 0.0995118
1109 0.784799 0.0290721
1110 0.784173 -0.0415741
1111 0.776484 -0.111925
1112 0.761788 -0.181474
1113 0.74019 -0.249707
1114 0.711847 -0.31609
1115 0.676972 -0.380073
1116 0.635832 -0.441087
1117 0.588754 -0.498546
1118 0.536123 -0.551853
1119 0.478384 -0.60041
1120 0.416041 -0.643634
1121 0.349657 -0.68097
1122 0.279847 -0.71191
1123 0.207275 -0.73601
1124 0.132645 -0.752912
1125 0.0566924 -0.762358
1126 -0.0198267 -0.7642
1127 -0.0961476 -0.758409
1128 -0.171508 -0.745075
1129 -0.245163 -0.724406
1130 -0.31639 -0.696714
1131 -0.384505 -0.662402
1132 -0.44887 -0.621949
1133 -0.508895 -0.575891
1134 -0.564048 -0.5248
1135 -0.613855 -0.469268
1136 -0.657902 -0.409894
1137 -0.695834 -0.34727
1138 -0.727356 -0.281974
1139 -0.752229 -0.214566
1140 -0.770269 -0.145586
1141 -0.781346 -0.0755576
1142 -0.785381 -0.00499111
1143 -0.782344 0.0656108
1144 -0.772258 0.135746
1145 -0.755195 0.204905
1146 -0.731277 0.272568
1147 -0.700681 0.338196
1148 -0.663638 0.401232
1149 -0.620435 0.461101
1150 -0.571418 0.517211
1151 -0.516993 0.568966
1152 -0.457625 0.61577
1153 -0.393839 0.657048
1154 -0.326215 0.692258
1155 -0.255387 0.720912
1156 -0.182033 0.742594
1157 -0.106868 0.756979
1158 -0.030637 0.763844
1159 0.0459005 0.763081
1160 0.121979 0.754703
1161 0.196841 0.738841
1162 0.269747 0.715738
1163 0.339989 0.68574
1164 0.406895 0.649278
1165 0.469844 0.606852
1166 0.528266 0.559013
1167 0.581647 0.506341
1168 0.629534 0.449433
1169 0.671534 0.388885
1170 0.707311 0.325286
1171 0.736591 0.259208
1172 0.759153 0.191205
1173 0.774832 0.121809
1174 0.783515 0.0515409
1175 0.78514 -0.019094
1176 0.779696 -0.0895933
1177 0.767221 -0.159453
1178 0.747805 -0.228162
1179 0.721589 -0.295192
1180 0.688767 -0.36
1181 0.649589 -0.422023
1182 0.604362 -0.480678
1183 0.553453 -0.535371
1184 0.497288 -0.585504
1185 0.436352 -0.630488
1186 0.37119 -0.669756
1187 0.302401 -0.702783
1188 0.230634 -0.729104
1189 0.15658 -0.748331
1190 0.0809675 -0.760172
1191 0.00454599 -0.764443
1192 -0.071921 -0.761077
1193 -0.147669 -0.750128
1194 -0.221947 -0.731764
1195 -0.294022 -0.706268
1196 -0.3632 -0.674014
1197 -0.428825 -0.635461
1198 -0.490292 -0.591126
1199 -0.54705 -0.541574
1200 -0.598607 -0.487391
1201 -0.644529 -0.429175
1202 -0.684442 -0.367522
1203 -0.718033 -0.303014
1204 -0.745045 -0.236219
1205 -0.765277 -0.167682
1206 -0.778581 -0.0979316
1207 -0.784863 -0.0274817
1208 -0.784078 0.0431633
1209 -0.77623 0.113502
1210 -0.761377 0.183027
1211 -0.739625 0.251224
1212 -0.711132 0.317559
1213 -0.676113 0.381482
1214 -0.634836 0.442422
1215 -0.587629 0.499794
1216 -0.534877 0.553
1217 -0.477028 0.601444
1218 -0.414588 0.644542
1219 -0.34812 0.681739
1220 -0.278241 0.712529
1221 -0.205614 0.736471
1222 -0.130946 0.753208
1223 -0.0549728 0.762484
1224 0.0215503 0.764153
1225 0.0978579 0.758191
1226 0.173189 0.74469
1227 0.246796 0.723858
1228 0.31796 0.696012
1229 0.385998 0.661556
1230 0.450271 0.620972
1231 0.510193 0.574794
1232 0.56523 0.523596
1233 0.614912 0.467971
1234 0.658825 0.408518
1235 0.696615 0.345827
1236 0.72799 0.280477
1237 0.752711 0.213028
1238 0.770595 0.144019
1239 0.781514 0.0739726
1240 0.78539 0.00339983
1241 0.782194 -0.0671971
1242 0.771951 -0.137316
1243 0.754731 -0.206447
1244 0.730661 -0.27407
1245 0.699917 -0.339646
1246 0.662732 -0.402617
1247 0.619394 -0.462408
1248 0.57025 -0.518427
1249 0.515709 -0.570077
1250 0.456235 -0.616763
1251 0.392356 -0.65791
1252 0.324653 -0.692977
1253 0.253761 -0.721478
1254 0.180357 -0.743
1255 0.105161 -0.757217
1256 0.0289141 -0.763911
1257 -0.0476216 -0.762976
1258 -0.123681 -0.754428
1259 -0.198507 -0.738399
1260 -0.271361 -0.715137
1261 -0.341534 -0.684988
1262 -0.408359 -0.648386
1263 -0.471212 -0.605833
1264 -0.529525 -0.557878
1265 -0.582787 -0.505104
1266 -0.630546 -0.448107
1267 -0.672409 -0.387484
1268 -0.708043 -0.323823
1269 -0.737173 -0.257696
1270 -0.759582 -0.189655
1271 -0.775105 -0.120235
1272 -0.783629 -0.0499525
1273 -0.785095 0.0206848
1274 -0.779492 0.0911754
1275 -0.76686 0.161015
1276 -0.747289 0.229692
1277 -0.720922 0.296678
1278 -0.687953 0.36143
1279 -0.648636 0.423383
1280 -0.603277 0.481955
1281 -0.552245 0.536552
1282 -0.495966 0.586576
1283 -0.434929 0.631438
1284 -0.369679 0.670571
1285 -0.300815 0.703451
1286 -0.228989 0.729616
1287 -0.154892 0.748679
1288 -0.0792528 0.760352
1289 -0.00282175 0.764451
1290 0.0736375 0.760914
1291 0.149361 0.749795
1292 0.223596 0.731268
1293 0.295614 0.705614
1294 0.364719 0.673214
1295 0.430257 0.634524
1296 0.491624 0.590066
1297 0.54827 0.540402
1298 0.599705 0.486122
1299 0.645495 0.427822
1300 0.685269 0.366098
1301 0.718714 0.301533
1302 0.745576 0.234693
1303 0.765653 0.166123
1304 0.7788 0.096351
1305 0.784923 0.0258912
1306 0.783978 -0.0447525
1307 0.775973 -0.115078
1308 0.760963 -0.18458
1309 0.739057 -0.25274
1310 0.710415 -0.319027
1311 0.675251 -0.382889
1312 0.633837 -0.443756
1313 0.5865 -0.50104
1314 0.533629 -0.554146
1315 0.475671 -0.602476
1316 0.413134 -0.645447
1317 0.346582 -0.682505
1318 0.276633 -0.713145
1319 0.203953 -0.736928
1320 0.129247 -0.753499
1321 0.0532528 -0.762605
1322 -0.0232738 -0.764103
1323 -0.0995678 -0.757969
1324 -0.174868 -0.7443
1325 -0.248428 -0.723307
1326 -0.319529 -0.695307
1327 -0.387489 -0.660708
1328 -0.451671 -0.619991
1329 -0.511488 -0.573694
1330 -0.56641 -0.52239
1331 -0.615966 -0.466672
1332 -0.659744 -0.407139
1333 -0.697393 -0.344383
1334 -0.728621 -0.278979
1335 -0.753189 -0.211489
1336 -0.770918 -0.142451
1337 -0.781679 -0.0723874
1338 -0.785396 -0.00180853
1339 -0.782041 0.0687832
1340 -0.771639 0.138885
1341 -0.754264 0.207988
1342 -0.730042 0.275571
1343 -0.69915 0.341094
1344 -0.661823 0.404001
1345 -0.61835 0.463713
1346 -0.56908 0.51964
1347 -0.514422 0.571185
1348 -0.454843 0.617752
1349 -0.390871 0.658768
1350 -0.323089 0.693693
1351 -0.252133 0.722041
1352 -0.178681 0.743401
1353 -0.103452 0.757451
1354 -0.027191 0.763974
1355 0.0493424 0.762867
1356 0.125382 0.754148
1357 0.200172 0.737954
1358 0.272973 0.714532
1359 0.343078 0.684233
1360 0.40982 0.647491
1361 0.472577 0.60481
1362 0.530782 0.556741
1363 0.583925 0.503865
1364 0.631555 0.44678
1365 0.673281 0.386082
1366 0.708771 0.322359
1367 0.737753 0.256183
1368 0.760008 0.188105
1369 0.775374 0.11866
1370 0.78374 0.0483639
1371 0.785047 -0.0222756
1372 0.779285 -0.0927571
1373 0.766495 -0.162576
1374 0.746769 -0.231221
1375 0.720251 -0.298163
1376 0.687137 -0.362858
1377 0.647679 -0.424741
1378 0.602189 -0.48323
1379 0.551033 -0.537731
1380 0.494642 -0.587645
1381 0.433504 -0.632384
1382 0.368166 -0.671382
1383 0.299228 -0.704116
1384 0.227342 -0.730125
1385 0.153203 -0.749024
1386 0.0775376 -0.760528
1387 0.00109751 -0.764456
1388 -0.0753535 -0.760746
1389 -0.151052 -0.749458
1390 -0.225245 -0.730767
1391 -0.297205 -0.704957
1392 -0.366237 -0.67241
1393 -0.431687 -0.633584
1394 -0.492954 -0.589003
1395 -0.549488 -0.539229
1396 -0.600799 -0.484851
1397 -0.646458 -0.426468
1398 -0.686093 -0.364674
1399 -0.719393 -0.300051
1400 -0.746103 -0.233166
1401 -0.766026 -0.164563
1402 -0.779016 -0.0947701
1403 -0.78498 -0.0243006
1404 -0.783876 0.0463414
1405 -0.775711 0.116654
1406 -0.760545 0.186131
1407 -0.738485 0.254255
1408 -0.709694 0.320494
1409 -0.674386 0.384295
1410 -0.632835 0.445087
1411 -0.585369 0.502284
1412 -0.532378 0.555289
1413 -0.474311 0.603504
1414 -0.411677 0.646348
1415 -0.345042 0.683267
1416 -0.275024 0.713757
1417 -0.20229 0.737382
1418 -0.127547 0.753787
1419 -0.0515326 0.762723
1420 0.0249972 0.764049
1421 0.101277 0.757744
1422 0.176546 0.743907
1423 0.250059 0.722753
1424 0.321096 0.694599
1425 0.388978 0.659857
1426 0.453068 0.619008
1427 0.51278 0.572592
1428 0.567586 0.521182
1429 0.617016 0.465372
1430 0.660661 0.40576
1431 0.698168 0.342937
1432 0.729248 0.277481
1433 0.753664 0.209949
1434 0.771238 0.140882
1435 0.781841 0.0708019
1436 0.785398 0.000217229
1437 0.781884 -0.070369
1438 0.771324 -0.140454
1439 0.753793 -0.209529
1440 0.729419 -0.277071
1441 0.698379 -0.342542
1442 0.66091 -0.405382
1443 0.617303 -0.465016
1444 0.567907 -0.520851
1445 0.513132 -0.57229
1446 0.453449 -0.618739
1447 0.389385 -0.659624
1448 0.321524 -0.694405
1449 0.250504 -0.7226
1450 0.177004 -0.743799
1451 0.101744 -0.757682
1452 0.0254677 -0.764033
1453 -0.0510629 -0.762754
1454 -0.127083 -0.753865
1455 -0.201836 -0.737505
1456 -0.274584 -0.713924
1457 -0.344621 -0.683475
1458 -0.411279 -0.646594
1459 -0.47394 -0.603785
1460 -0.532036 -0.555601
1461 -0.58506 -0.502624
1462 -0.632561 -0.445451
1463 -0.67415 -0.384678
1464 -0.709496 -0.320894
1465 -0.738329 -0.254669
1466 -0.76043 -0.186555
1467 -0.77564 -0.117084
1468 -0.783847 -0.0467752
1469 -0.784995 0.0238663
1470 -0.779074 0.0943384
1471 -0.766127 0.164137
1472 -0.746246 0.232749
1473 -0.719577 0.299646
1474 -0.686317 0.364284
1475 -0.64672 0.426098
1476 -0.601098 0.484504
1477 -0.54982 0.538908
1478 -0.493316 0.588712
1479 -0.432077 0.633327
1480 -0.366651 0.67219
1481 -0.297639 0.704777
1482 -0.225695 0.73063
1483 -0.151513 0.749366
1484 -0.075822 0.7607
1485 0.000626748 0.764456
1486 0.0770692 0.760575
1487 0.152742 0.749118
1488 0.226893 0.730263
1489 0.298794 0.704297
1490 0.367752 0.671603
1491 0.433115 0.632642
1492 0.494281 0.587937
1493 0.550702 0.538053
1494 0.601891 0.483578
1495 0.647418 0.425112
1496 0.686913 0.363248
1497 0.720067 0.298568
1498 0.746627 0.231638
1499 0.766395 0.163002
1500 0.779228 0.0931888
1501 0.785033 0.0227099
1502 0.78377 -0.0479302
1503 0.775447 -0.11823
1504 0.760124 -0.187682
1505 0.73791 -0.25577
1506 0.70897 -0.321959
1507 0.673518 -0.385699
1508 0.63183 -0.446417
1509 0.584235 -0.503526
1510 0.531125 -0.55643
1511 0.472949 -0.60453
1512 0.410218 -0.647247
1513 0.3435 -0.684026
1514 0.273413 -0.714367
1515 0.200626 -0.737832
1516 0.125847 -0.754072
1517 0.0498121 -0.762837
1518 -0.0267205 -0.763991
1519 -0.102986 -0.757515
1520 -0.178223 -0.74351
1521 -0.251688 -0.722194
1522 -0.322662 -0.693888
1523 -0.390466 -0.659002
1524 -0.454463 -0.618022
1525 -0.51407 -0.571487
1526 -0.56876 -0.519971
1527 -0.618064 -0.464069
1528 -0.661574 -0.404378
1529 -0.69894 -0.34149
1530 -0.729872 -0.275981
1531 -0.754136 -0.208409
1532 -0.771554 -0.139314
1533 -0.781999 -0.0692162
1534 -0.785397 0.00137407
1535 -0.781724 0.0719546
1536 -0.771006 0.142023
1537 -0.753319 0.211069
1538 -0.728792 0.27857
1539 -0.697605 0.343988
1540 -0.659995 0.406763
1541 -0.616253 0.466317
1542 -0.566731 0.52206
1543 -0.511841 0.573393
1544 -0.452052 0.619723
1545 -0.387896 0.660476
1546 -0.319957 0.695114
1547 -0.248873 0.723156
1548 -0.175326 0.744193
1549 -0.100035 0.757908
1550 -0.0237444 0.764089
1551 0.0527832 0.762638
1552 0.128783 0.753578
1553 0.203499 0.737052
1554 0.276194 0.713313
1555 0.346161 0.682713
1556 0.412736 0.645693
1557 0.4753 0.602757
1558 0.533288 0.554458
1559 0.586192 0.50138
1560 0.633564 0.44412
1561 0.675016 0.383273
1562 0.710218 0.319428
1563 0.738901 0.253154
1564 0.760849 0.185003
1565 0.775902 0.115508
1566 0.783951 0.0451863
1567 0.784939 -0.0254569
1568 0.778859 -0.0959194
1569 0.765755 -0.165697
1570 0.74572 -0.234276
1571 0.7189 -0.301129
1572 0.685494 -0.36571
1573 0.645758 -0.427453
1574 0.600004 -0.485775
1575 0.548603 -0.540082
1576 0.491987 -0.589776
1577 0.430648 -0.634268
1578 0.365134 -0.672994
1579 0.296049 -0.705435
1580 0.224047 -0.731131
1581 0.149823 -0.749703
1582 0.074106 -0.760868
1583 -0.002351 -0.764453
1584 -0.0787845 -0.7604
1585 -0.154431 -0.748774
1586 -0.228539 -0.729755
1587 -0.300382 -0.703633
1588 -0.369266 -0.670792
1589 -0.434541 -0.631696
1590 -0.495605 -0.586868
1591 -0.551914 -0.536874
1592 -0.60298 -0.482303
1593 -0.648375 -0.423754
1594 -0.687731 -0.36182
1595 -0.720739 -0.297084
1596 -0.747148 -0.230109
1597 -0.766761 -0.161441
1598 -0.779436 -0.0916072
1599 -0.785082 -0.0211192
1600 -0.78366 0.0495188
1601 -0.775178 0.119805
1602 -0.759699 0.189232
1603 -0.737332 0.257283
1604 -0.708242 0.323424
1605 -0.672647 0.387102
1606 -0.630822 0.447745
1607 -0.583098 0.504766
1608 -0.529869 0.557568
1609 -0.471585 0.605554
1610 -0.408758 0.648142
1611 -0.341956 0.684782
1612 -0.271801 0.714972
1613 -0.198962 0.738278
1614 -0.124146 0.754352
1615 -0.0480914 0.762947
1616 0.0284436 0.763929
1617 0.104694 0.757281
1618 0.1799 0.74311
1619 0.253316 0.721632
1620 0.324226 0.693173
1621 0.391951 0.658144
1622 0.455855 0.617033
1623 0.515357 0.570379
1624 0.569931 0.518758
1625 0.619109 0.462764
1626 0.662484 0.402995
1627 0.699708 0.340041
1628 0.730492 0.27448
1629 0.754604 0.206868
1630 0.771866 0.137744
1631 0.782153 0.0676302
1632 0.785392 -0.00296537
1633 0.78156 -0.0735399
1634 0.770684 -0.143591
1635 0.752842 -0.212608
1636 0.728162 -0.280068
1637 0.696828 -0.345433
1638 0.659076 -0.408141
1639 0.6152 -0.467617
1640 0.565553 -0.523267
1641 0.510546 -0.574494
1642 0.450654 -0.620704
1643 0.386406 -0.661325
1644 0.318389 -0.69582
1645 0.247242 -0.723708
1646 0.173647 -0.744584
1647 0.0983248 -0.758131
1648 0.0220209 -0.76414
1649 -0.0545032 -0.762517
1650 -0.130483 -0.753288
1651 -0.205161 -0.736596
1652 -0.277802 -0.712698
1653 -0.3477 -0.681949
1654 -0.414191 -0.644789
1655 -0.476658 -0.601726
1656 -0.534537 -0.553313
1657 -0.587321 -0.500135
1658 -0.634564 -0.442787
1659 -0.675878 -0.381866
1660 -0.710937 -0.31796
1661 -0.73947 -0.251638
1662 -0.761264 -0.183451
1663 -0.77616 -0.113932
1664 -0.784051 -0.0435972
1665 -0.78488 0.0270475
1666 -0.778641 0.0975001
1667 -0.76538 0.167256
1668 -0.74519 0.235802
1669 -0.718219 0.30261
1670 -0.684668 0.367133
1671 -0.644793 0.428806
1672 -0.598907 0.487044
1673 -0.547384 0.541254
1674 -0.490656 0.590837
1675 -0.429216 0.635205
1676 -0.363615 0.673796
1677 -0.294457 0.70609
1678 -0.222397 0.731629
1679 -0.148131 0.750037
1680 -0.0723897 0.761033
1681 0.00407524 0.764445
1682 0.0804994 0.760221
1683 0.156119 0.748426
1684 0.230185 0.729244
1685 0.301968 0.702966
1686 0.370778 0.669979
1687 0.435964 0.630748
1688 0.496927 0.585797
1689 0.553124 0.535694
1690 0.604066 0.481026
1691 0.649329 0.422394
1692 0.688545 0.360391
1693 0.721407 0.295598
1694 0.747665 0.22858
1695 0.767123 0.15988
1696 0.779641 0.0900253
1697 0.785128 0.0195283
1698 0.783546 -0.0511073
1699 0.774907 -0.12138
1700 0.75927 -0.190782
1701 0.73675 -0.258795
1702 0.707511 -0.324887
1703 0.671773 -0.388503
1704 0.629811 -0.449071
1705 0.581959 -0.506004
1706 0.52861 -0.558704
1707 0.470218 -0.606574
1708 0.407295 -0.649035
1709 0.340411 -0.685535
1710 0.270188 -0.715574
1711 0.197296 -0.738721
1712 0.122444 -0.754628
1713 0.0463704 -0.763053
1714 -0.0301666 -0.763863
1715 -0.106402 -0.757044
1716 -0.181576 -0.742705
1717 -0.254943 -0.721067
1718 -0.325789 -0.692455
1719 -0.393434 -0.657284
1720 -0.457246 -0.616042
1721 -0.516642 -0.56927
1722 -0.5711 -0.517544
1723 -0.620151 -0.461458
1724 -0.663391 -0.40161
1725 -0.700473 -0.338592
1726 -0.731109 -0.272978
1727 -0.755069 -0.205326
1728 -0.772175 -0.136174
1729 -0.782304 -0.0660439
1730 -0.785383 0.00455666
1731 -0.781392 0.0751249
1732 -0.770358 0.145158
1733 -0.752361 0.214146
1734 -0.727529 0.281565
1735 -0.696048 0.346876
1736 -0.658154 0.409518
1737 -0.614144 0.468914
1738 -0.564371 0.524472
1739 -0.50925 0.575592
1740 -0.449253 0.621683
1741 -0.384913 0.662171
1742 -0.316819 0.696522
1743 -0.245609 0.724257
1744 -0.171967 0.74497
1745 -0.0966146 0.75835
1746 -0.0202973 0.764188
1747 0.0562229 0.762393
1748 0.132181 0.752993
1749 0.206822 0.736136
1750 0.279408 0.712079
1751 0.349237 0.681181
1752 0.415645 0.643883
1753 0.478014 0.600693
1754 0.535783 0.552166
1755 0.588447 0.498887
1756 0.63556 0.441452
1757 0.676738 0.380458
1758 0.711652 0.316491
1759 0.740036 0.250121
1760 0.761676 0.181899
1761 0.776415 0.112355
1762 0.784147 0.042008
1763 0.784817 -0.0286379
1764 0.77842 -0.0990804
1765 0.765001 -0.168815
1766 0.744657 -0.237328
1767 0.717535 -0.30409
1768 0.683839 -0.368556
1769 0.643824 -0.430157
1770 0.597807 -0.488312
1771 0.546162 -0.542424
1772 0.489323 -0.591896
1773 0.427783 -0.63614
1774 0.362095 -0.674594
1775 0.292864 -0.706741
1776 0.220746 -0.732123
1777 0.146439 -0.750367
1778 0.070673 -0.761194
1779 -0.00579946 -0.764434
1780 -0.0822139 -0.760038
1781 -0.157807 -0.748075
1782 -0.231829 -0.728729
1783 -0.303553 -0.702296
1784 -0.372288 -0.669163
1785 -0.437385 -0.629797
1786 -0.498247 -0.584724
1787 -0.55433 -0.534511
1788 -0.605149 -0.479748
1789 -0.65028 -0.421033
1790 -0.689356 -0.35896
1791 -0.722072 -0.294111
1792 -0.748178 -0.227049
1793 -0.767482 -0.158318
1794 -0.779842 -0.088443
1795 -0.78517 -0.0179374
1796 -0.783429 0.0526955
1797 -0.774631 0.122954
1798 -0.758838 0.19233
1799 -0.736165 0.260307
1800 -0.706777 0.326349
1801 -0.670895 0.389902
1802 -0.628797 0.450395
1803 -0.580816 0.507239
1804 -0.527349 0.559837
1805 -0.468849 0.607592
1806 -0.40583 0.649924
1807 -0.338864 0.686284
1808 -0.268574 0.716173
1809 -0.195629 0.73916
1810 -0.120742 0.754901
1811 -0.0446492 0.763155
1812 0.0318895 0.763793
1813 0.108109 0.756804
1814 0.18325 0.742298
1815 0.256569 0.720498
1816 0.32735 0.691733
1817 0.394915 0.65642
1818 0.458634 0.615047
1819 0.517925 0.568157
1820 0.572265 0.516326
1821 0.62119 0.460149
1822 0.664295 0.400224
1823 0.701235 0.337141
1824 0.731723 0.271475
1825 0.75553 0.203783
1826 0.77248 0.134604
1827 0.782451 0.0644574
1828 0.785371 -0.00614793
1829 0.781221 -0.0767097
1830 0.770029 -0.146725
1831 0.751876 -0.215683
1832 0.726893 -0.283061
1833 0.695264 -0.348318
1834 0.657229 -0.410894
1835 0.613085 -0.47021
1836 0.563187 -0.525674
1837 0.50795 -0.576687
1838 0.44785 -0.622658
1839 0.383419 -0.663014
1840 0.315247 -0.697221
1841 0.243975 -0.724802
1842 0.170287 -0.745353
1843 0.0949039 -0.758565
1844 0.0185736 -0.764231
1845 -0.0579424 -0.762264
1846 -0.133879 -0.752695
1847 -0.208481 -0.735672
1848 -0.281014 -0.711457
1849 -0.350773 -0.680409
1850 -0.417096 -0.642973
1851 -0.479367 -0.599657
1852 -0.537027 -0.551017
1853 -0.589571 -0.497637
1854 -0.636554 -0.440116
1855 -0.677594 -0.379048
1856 -0.712364 -0.315021
1857 -0.740598 -0.248603
1858 -0.762085 -0.180345
1859 -0.776667 -0.110778
1860 -0.78424 -0.0404186
1861 -0.784751 0.0302282
1862 -0.778195 0.10066
1863 -0.764619 0.170373
1864 -0.74412 0.238853
1865 -0.716848 0.305569
1866 -0.683006 0.369976
1867 -0.642853 0.431507
1868 -0.596705 0.489577
1869 -0.544937 0.543591
1870 -0.487987 0.592952
1871 -0.426347 0.637071
1872 -0.360572 0.675389
1873 -0.291269 0.707388
1874 -0.219095 0.732614
1875 -0.144746 0.750693
1876 -0.0689559 0.76135
1877 0.00752364 0.764419
1878 0.083928 0.759852
1879 0.159494 0.747719
1880 0.233472 0.728211
1881 0.305136 0.701622
1882 0.373796 0.668343
1883 0.438805 0.628842
1884 0.499565 0.583647
1885 0.555534 0.533325
1886 0.60623 0.478467
1887 0.651227 0.41967
1888 0.690164 0.357529
1889 0.722733 0.292624
1890 0.748688 0.225518
1891 0.767837 0.156755
1892 0.780039 0.0868605
1893 0.785209 0.0163464
1894 0.783309 -0.0542836
1895 0.774352 -0.124528
1896 0.758403 -0.193878
1897 0.735576 -0.261817
1898 0.70604 -0.327809
1899 0.670015 -0.3913
1900 0.62778 -0.451718
1901 0.579671 -0.508473
1902 0.526085 -0.560968
1903 0.467477 -0.608607
1904 0.404364 -0.650811
1905 0.337315 -0.68703
1906 0.266958 -0.716768
1907 0.193962 -0.739595
1908 0.119039 -0.75517
1909 0.0429278 -0.763254
1910 -0.0336121 -0.763719
1911 -0.109816 -0.756559
1912 -0.184924 -0.741886
1913 -0.258193 -0.719926
1914 -0.328909 -0.691008
1915 -0.396395 -0.655553
1916 -0.46002 -0.61405
1917 -0.519205 -0.567042
1918 -0.573428 -0.515107
1919 -0.622226 -0.458839
1920 -0.665196 -0.398836
1921 -0.701993 -0.335688
1922 -0.732334 -0.269971
1923 -0.755988 -0.20224
1924 -0.772782 -0.133033
1925 -0.782594 -0.0628707
1926 -0.785356 0.00773917
1927 -0.781046 0.0782942
1928 -0.769697 0.148291
1929 -0.751388 0.21722
1930 -0.726253 0.284556
1931 -0.694477 0.349759
1932 -0.656301 0.412268
1933 -0.612023 0.471503
1934 -0.562 0.526874
1935 -0.506649 0.57778
1936 -0.446444 0.623631
1937 -0.381923 0.663854
1938 -0.313674 0.697917
1939 -0.242339 0.725343
1940 -0.168605 0.745733
1941 -0.0931927 0.758776
1942 -0.0168498 0.764271
1943 0.0596615 0.762132
1944 0.135577 0.752393
1945 0.21014 0.735205
1946 0.282618 0.710832
1947 0.352306 0.679635
1948 0.418545 0.64206
1949 0.480718 0.598618
1950 0.538268 0.549864
1951 0.590691 0.496385
1952 0.637545 0.438777
1953 0.678447 0.377637
1954 0.713073 0.313549
1955 0.741157 0.247084
1956 0.762489 0.178791
1957 0.776915 0.109201
1958 0.78433 0.0388291
1959 0.784681 -0.0318184
1960 0.777966 -0.10224
1961 0.764233 -0.171931
1962 0.74358 -0.240376
1963 0.716157 -0.307047
1964 0.68217 -0.371396
1965 0.641878 -0.432855
1966 0.595599 -0.49084
1967 0.54371 -0.544756
1968 0.486648 -0.594005
1969 0.424909 -0.638
1970 0.359048 -0.676181
1971 0.289673 -0.708032
1972 0.217442 -0.733101
1973 0.143053 -0.751016
1974 0.0672385 -0.761504
1975 -0.00924779 -0.764401
1976 -0.0856416 -0.759661
1977 -0.16118 -0.74736
1978 -0.235114 -0.727688
1979 -0.306718 -0.700944
1980 -0.375303 -0.66752
1981 -0.440222 -0.627885
1982 -0.50088 -0.582568
1983 -0.556735 -0.532138
1984 -0.607307 -0.477184
1985 -0.652172 -0.418305
1986 -0.690968 -0.356095
1987 -0.723391 -0.291135
1988 -0.749195 -0.223986
1989 -0.768188 -0.155192
1990 -0.780233 -0.0852776
1991 -0.785244 -0.0147554
1992 -0.783184 0.0558715
1993 -0.77407 0.126101
1994 -0.757964 0.195426
1995 -0.734984 0.263327
1996 -0.705299 0.329269
1997 -0.669131 0.392697
1998 -0.62676 0.453038
1999 -0.578523 0.509704
2000 -0.524819 0.562096
2001 -0.466104 0.609619
2002 -0.402895 0.651694
2003 -0.335765 0.687773
2004 -0.26534 0.717359
2005 -0.192293 0.740027
2006 -0.117335 0.755435
2007 -0.0412062 0.763348
2008 0.0353346 0.763642
2009 0.111522 0.756311
2010 0.186597 0.74147
2011 0.259816 0.71935
2012 0.330467 0.69028
2013 0.397872 0.654683
2014 0.461403 0.61305
2015 0.520482 0.565925
2016 0.574588 0.513885
2017 0.623259 0.457527
2018 0.666094 0.397446
2019 0.702749 0.334235
2020 0.732941 0.268466
2021 0.756442 0.200696
2022 0.77308 0.131462
2023 0.782734 0.0612838
2024 0.785336 -0.00933039
2025 0.780868 -0.0798784
2026 0.769361 -0.149857
2027 0.750897 -0.218756
2028 0.72561 -0.28605
2029 0.693687 -0.351198
2030 0.65537 -0.41364
2031 0.610959 -0.472795
2032 0.560811 -0.528071
2033 0.505345 -0.57887
2034 0.445037 -0.6246
2035 0.380424 -0.664691
2036 0.312099 -0.698609
2037 0.240703 -0.725881
2038 0.166923 -0.746108
2039 0.091481 -0.758983
2040 0.0151259 -0.764307
2041 -0.0613804 -0.761996
2042 -0.137273 -0.752087
2043 -0.211798 -0.734734
2044 -0.28422 -0.710203
2045 -0.353838 -0.678857
2046 -0.419992 -0.641144
2047 -0.482067 -0.597576
2048 -0.539507 -0.54871
2049 -0.591809 -0.495131
2050 -0.638533 -0.437437
2051 -0.679297 -0.376224
2052 -0.713778 -0.312077
2053 -0.741712 -0.245565
2054 -0.762891 -0.177236
2055 -0.777159 -0.107623
2056 -0.784415 -0.0372394
2057 -0.784607 0.0334085
2058 -0.777734 0.103819
2059 -0.763843 0.173488
2060 -0.743036 0.241899
2061 -0.715464 0.308524
2062 -0.681331 0.372814
2063 -0.640901 0.434201
2064 -0.594491 0.492101
2065 -0.542481 0.545919
2066 -0.485307 0.595056
2067 -0.423469 0.638926
2068 -0.357522 0.67697
2069 -0.288075 0.708673
2070 -0.215788 0.733584
2071 -0.141359 0.751335
2072 -0.0655207 0.761653
2073 0.0109719 0.764378
2074 0.0873548 0.759467
2075 0.162865 0.746998
2076 0.236754 0.727163
2077 0.308298 0.700263
2078 0.376807 0.666694
2079 0.441637 0.626925
2080 0.502192 0.581487
2081 0.557934 0.530948
2082 0.608382 0.475899
2083 0.653114 0.416939
2084 0.691769 0.354661
2085 0.724046 0.289645
2086 0.749698 0.222453
2087 0.768537 0.153628
2088 0.780424 0.0836944
2089 0.785275 0.0131643
2090 0.783057 -0.0574591
2091 0.773784 -0.127674
2092 0.757522 -0.196972
2093 0.734389 -0.264835
2094 0.704555 -0.330727
2095 0.668244 -0.394092
2096 0.625737 -0.454357
2097 0.577372 -0.510933
2098 0.52355 -0.563222
2099 0.464728 -0.610629
2100 0.401424 -0.652574
2101 0.334213 -0.688512
2102 0.263722 -0.717947
2103 0.190624 -0.740455
2104 0.115631 -0.755697
2105 0.0394843 -0.763439
2106 -0.037057 -0.76356
2107 -0.113228 -0.756059
2108 -0.188269 -0.741051
2109 -0.261438 -0.71877
2110 -0.332023 -0.689549
2111 -0.399348 -0.65381
2112 -0.462785 -0.612047
2113 -0.521757 -0.564805
2114 -0.575746 -0.512662
2115 -0.62429 -0.456212
2116 -0.666988 -0.396055
2117 -0.703501 -0.33278
2118 -0.733544 -0.26696
2119 -0.756893 -0.199151
2120 -0.773374 -0.12989
2121 -0.782871 -0.0596966
2122 -0.785314 0.0109216
2123 -0.780686 0.0814623
2124 -0.769021 0.151422
2125 -0.750402 0.22029
2126 -0.724963 0.287543
2127 -0.692893 0.352636
2128 -0.654436 0.41501
2129 -0.609891 0.474085
2130 -0.559619 0.529267
2131 -0.504038 0.579958
2132 -0.443627 0.625567
2133 -0.378924 0.665524
2134 -0.310522 0.699298
2135 -0.239065 0.726416
2136 -0.165239 0.74648
2137 -0.0897689 0.759187
2138 -0.013402 0.764339
2139 0.0630989 0.761856
2140 0.138969 0.751777
2141 0.213454 0.734259
2142 0.285821 0.70957
2143 0.355368 0.678076
2144 0.421436 0.640226
2145 0.483414 0.596532
2146 0.540743 0.547553
2147 0.592924 0.493875
2148 0.639518 0.436095
2149 0.680143 0.37481
2150 0.71448 0.310603
2151 0.742264 0.244044
2152 0.763289 0.175681
2153 0.7774 0.106045
2154 0.784497 0.0356496
2155 0.78453 -0.0349985
2156 0.777498 -0.105398
2157 0.76345 -0.175044
2158 0.742489 -0.243421
2159 0.714766 -0.309999
2160 0.680489 -0.37423
2161 0.63992 -0.435545
2162 0.59338 -0.49336
2163 0.541248 -0.547079
2164 0.483964 -0.596104
2165 0.422028 -0.639849
2166 0.355995 -0.677755
2167 0.286476 -0.70931
2168 0.214133 -0.734064
2169 0.139664 -0.75165
2170 0.0638027 -0.761798
2171 -0.0126959 -0.764351
2172 -0.0890676 -0.759269
2173 -0.16455 -0.746631
2174 -0.238394 -0.726633
2175 -0.309876 -0.699579
2176 -0.37831 -0.665865
2177 -0.443049 -0.625962
2178 -0.503502 -0.580403
2179 -0.55913 -0.529756
2180 -0.609453 -0.474612
2181 -0.654052 -0.415571
2182 -0.692567 -0.353225
2183 -0.724697 -0.288154
2184 -0.750198 -0.220919
2185 -0.768881 -0.152063
2186 -0.780611 -0.0821109
2187 -0.785303 -0.0115732
2188 -0.782925 0.0590466
2189 -0.773494 0.129246
2190 -0.757076 0.198518
2191 -0.73379 0.266343
2192 -0.703808 0.332183
2193 -0.667354 0.395485
2194 -0.624711 0.455674
2195 -0.576219 0.51216
2196 -0.522279 0.564345
2197 -0.46335 0.611636
2198 -0.399951 0.653452
2199 -0.332659 0.689248
2200 -0.262102 0.718532
2201 -0.188953 0.740879
2202 -0.113926 0.755954
2203 -0.0377623 0.763526
2204 0.0387791 0.763475
2205 0.114933 0.755803
2206 0.18994 0.740629
2207 0.263059 0.718187
2208 0.333577 0.688814
2209 0.400821 0.652934
2210 0.464164 0.611041
2211 0.52303 0.563682
2212 0.5769 0.511436
2213 0.625317 0.454896
2214 0.66788 0.394663
2215 0.704249 0.331323
2216 0.734144 0.265453
2217 0.75734 0.197606
2218 0.773665 0.128318
2219 0.783003 0.0581093
2220 0.785287 -0.0125127
2221 0.780501 -0.0830459
2222 0.768678 -0.152987
2223 0.749903 -0.221825
2224 0.724313 -0.289034
2225 0.692097 -0.354073
2226 0.653499 -0.416379
2227 0.608821 -0.475372
2228 0.558424 -0.53046
2229 0.502729 -0.581043
2230 0.442215 -0.626531
2231 0.377423 -0.666355
2232 0.308945 -0.699984
2233 0.237426 -0.726946
2234 0.163555 -0.746848
2235 0.0880563 -0.759386
2236 0.011678 -0.764367
2237 -0.0648172 -0.761713
2238 -0.140665 -0.751464
2239 -0.21511 -0.733781
2240 -0.287421 -0.708934
2241 -0.356897 -0.677292
2242 -0.422879 -0.639304
2243 -0.484758 -0.595485
2244 -0.541976 -0.546394
2245 -0.594037 -0.492617
2246 -0.6405 -0.434752
2247 -0.680987 -0.373394
2248 -0.715178 -0.309128
2249 -0.742812 -0.242522
2250 -0.763683 -0.174125
2251 -0.777637 -0.104466
2252 -0.784576 -0.0340597
2253 -0.784449 0.0365884
2254 -0.777258 0.106977
2255 -0.763054 0.1766
2256 -0.741938 0.244942
2257 -0.714066 0.311474
2258 -0.679644 0.375645
2259 -0.638937 0.436888
2260 -0.592266 0.494617
2261 -0.540013 0.548237
2262 -0.482619 0.597149
2263 -0.420584 0.640769
2264 -0.354465 0.678538
2265 -0.284876 0.709944
2266 -0.212476 0.73454
2267 -0.137968 0.751961
2268 -0.0620842 0.761939
2269 0.0144199 0.764321
2270 0.0907799 0.759067
2271 0.166233 0.746261
2272 0.240032 0.726101
2273 0.311453 0.698892
2274 0.37981 0.665032
2275 0.44446 0.624997
2276 0.50481 0.579316
2277 0.560323 0.528561
2278 0.610522 0.473323
2279 0.654988 0.414201
2280 0.693362 0.351787
2281 0.725345 0.286661
2282 0.750694 0.219384
2283 0.769222 0.150498
2284 0.780794 0.0805271
2285 0.785328 0.00998204
2286 0.78279 -0.0606338
2287 0.773201 -0.130818
2288 0.756627 -0.200063
2289 0.733188 -0.267849
2290 0.703057 -0.333639
2291 0.66646 -0.396877
2292 0.623682 -0.456989
2293 0.575063 -0.513384
2294 0.521005 -0.565466
2295 0.461969 -0.61264
2296 0.398477 -0.654326
2297 0.331104 -0.689981
2298 0.260481 -0.719113
2299 0.187282 -0.741299
2300 0.112221 -0.756208
2301 0.03604 -0.763609
2302 -0.040501 -0.763386
2303 -0.116637 -0.755543
2304 -0.19161 -0.740202
2305 -0.264678 -0.7176
2306 -0.33513 -0.688076
2307 -0.402293 -0.652055
2308 -0.465541 -0.610033
2309 -0.524299 -0.562557
2310 -0.578052 -0.510207
2311 -0.626341 -0.453579
2312 -0.668768 -0.393268
2313 -0.704995 -0.329866
2314 -0.734741 -0.263945
2315 -0.757784 -0.196059
2316 -0.773953 -0.126745
2317 -0.783133 -0.0565217
2318 -0.785257 0.0141038
2319 -0.780312 0.0846292
2320 -0.768331 0.154551
2321 -0.749402 0.223358
2322 -0.72366 0.290525
2323 -0.691297 0.355508
2324 -0.652558 0.417746
2325 -0.607747 0.476658
2326 -0.557227 0.531651
2327 -0.501417 0.582126
2328 -0.440801 0.627492
2329 -0.375919 0.667182
2330 -0.307365 0.700666
2331 -0.235786 0.727474
2332 -0.16187 0.747212
2333 -0.0863433 0.759582
2334 -0.00995387 0.764392
2335 0.0665351 0.761565
2336 0.142359 0.751147
2337 0.216764 0.733299
2338 0.289019 0.708295
2339 0.358423 0.676505
2340 0.42432 0.63838
2341 0.486099 0.594436
2342 0.543207 0.545232
2343 0.595146 0.491357
2344 0.641478 0.433406
2345 0.681827 0.371977
2346 0.715874 0.307652
2347 0.743358 0.241
2348 0.764074 0.172568
2349 0.777871 0.102887
2350 0.784651 0.0324696
2351 0.784365 -0.0381781
2352 0.777015 -0.108555
2353 0.762654 -0.178154
2354 0.741385 -0.246462
2355 0.713362 -0.312947
2356 0.678795 -0.377058
2357 0.63795 -0.438229
2358 0.59115 -0.495872
2359 0.538776 -0.549392
2360 0.481271 -0.598192
2361 0.419137 -0.641686
2362 0.352934 -0.679317
2363 0.283274 -0.710574
2364 0.210819 -0.735013
2365 0.136272 -0.752268
2366 0.0603655 -0.762077
2367 -0.0161438 -0.764286
2368 -0.0924918 -0.758861
2369 -0.167916 -0.745887
2370 -0.241669 -0.725564
2371 -0.313029 -0.698201
2372 -0.381309 -0.664197
2373 -0.445868 -0.624028
2374 -0.506115 -0.578227
2375 -0.561514 -0.527364
2376 -0.611588 -0.472033
2377 -0.65592 -0.41283
2378 -0.694154 -0.350349
2379 -0.72599 -0.285168
2380 -0.751187 -0.217849
2381 -0.76956 -0.148932
2382 -0.780974 -0.078943
2383 -0.785348 -0.00839083
2384 -0.782652 0.0622209
2385 -0.772904 0.13239
2386 -0.756174 0.201608
2387 -0.732583 0.269355
2388 -0.702303 0.335093
2389 -0.665564 0.398267
2390 -0.62265 0.458302
2391 -0.573904 0.514607
2392 -0.519728 0.566585
2393 -0.460587 0.613641
2394 -0.397 0.655197
2395 -0.329547 0.690711
2396 -0.258858 0.71969
2397 -0.185609 0.741716
2398 -0.110515 0.756458
2399 -0.0343176 0.763688
2400 0.0422228 0.763293
2401 0.118341 0.755279
2402 0.193279 0.739772
2403 0.266295 0.71701
2404 0.336681 0.687335
2405 0.403762 0.651173
2406 0.466915 0.609022
2407 0.525567 0.56143
2408 0.579201 0.508977
2409 0.627362 0.452259
2410 0.669653 0.391873
2411 0.705737 0.328407
2412 0.735334 0.262436
2413 0.758224 0.194512
2414 0.774237 0.125172
2415 0.783258 0.0549339
2416 0.785224 -0.0156949
2417 0.780119 -0.0862123
2418 0.767981 -0.156115
2419 0.748896 -0.22489
2420 0.723003 -0.292014
2421 0.690494 -0.356942
2422 0.651615 -0.419111
2423 0.606671 -0.477942
2424 0.556026 -0.532839
2425 0.500103 -0.583206
2426 0.439385 -0.628451
2427 0.374413 -0.668006
2428 0.305784 -0.701345
2429 0.234144 -0.727997
2430 0.160185 -0.747573
2431 0.0846298 -0.759774
2432 0.00822974 -0.764412
2433 -0.0682526 -0.761414
2434 -0.144053 -0.750826
2435 -0.218418 -0.732814
2436 -0.290616 -0.707652
2437 -0.359948 -0.675714
2438 -0.425759 -0.637452
2439 -0.487439 -0.593383
2440 -0.544435 -0.544068
2441 -0.596252 -0.490094
2442 -0.642454 -0.432059
2443 -0.682664 -0.370558
2444 -0.716566 -0.306175
2445 -0.743899 -0.239477
2446 -0.764461 -0.171011
2447 -0.778101 -0.101307
2448 -0.784722 -0.0308795
2449 -0.784277 0.0397677
2450 -0.776769 0.110132
2451 -0.762251 0.179709
2452 -0.740827 0.247981
2453 -0.712655 0.314418
2454 -0.677943 0.37847
2455 -0.636961 0.439568
2456 -0.59003 0.497125
2457 -0.537536 0.550545
2458 -0.479921 0.599232
2459 -0.417689 0.642599
2460 -0.351401 0.680093
2461 -0.281671 0.711201
2462 -0.209161 0.735481
2463 -0.134574 0.752572
2464 -0.0586465 0.762211
2465 0.0178677 0.764248
2466 0.0942031 0.758652
2467 0.169598 0.745509
2468 0.243305 0.725024
2469 0.314603 0.697507
2470 0.382806 0.663358
2471 0.447275 0.623057
2472 0.507418 0.577135
2473 0.562702 0.526165
2474 0.612651 0.47074
2475 0.656849 0.411457
2476 0.694942 0.348908
2477 0.726631 0.283674
2478 0.751677 0.216313
2479 0.769894 0.147366
2480 0.78115 0.0773586
2481 0.785365 0.00679959
2482 0.78251 -0.0638077
2483 0.772604 -0.133961
2484 0.755718 -0.203152
2485 0.731974 -0.270859
2486 0.701546 -0.336546
2487 0.664664 -0.399656
2488 0.621615 -0.459613
2489 0.572742 -0.515827
2490 0.518449 -0.567701
2491 0.459202 -0.614639
2492 0.395522 -0.656065
2493 0.327989 -0.691437
2494 0.257234 -0.720264
2495 0.183936 -0.742129
2496 0.108808 -0.756704
2497 0.032595 -0.763763
2498 -0.0439443 -0.763196
2499 -0.120044 -0.755012
2500 -0.194947 -0.739338
2501 -0.267912 -0.716417
2502 -0.33823 -0.68659
2503 -0.40523 -0.650287
2504 -0.468288 -0.608008
2505 -0.526832 -0.5603
2506 -0.580348 -0.507745
2507 -0.62838 -0.450937
2508 -0.670535 -0.390475
2509 -0.706475 -0.326947
2510 -0.735924 -0.260926
2511 -0.758661 -0.192964
2512 -0.774517 -0.123598
2513 -0.78338 -0.0533459
2514 -0.785186 0.0172859
2515 -0.779923 0.087795
2516 -0.767627 0.157678
2517 -0.748388 0.226422
2518 -0.722343 0.293502
2519 -0.689687 0.358374
2520 -0.650668 0.420475
2521 -0.605592 0.479223
2522 -0.554824 0.534025
2523 -0.498787 0.584283
2524 -0.437967 0.629406
2525 -0.372906 0.668827
2526 -0.304201 0.70202
2527 -0.232502 0.728517
2528 -0.158498 0.74793
2529 -0.0829159 0.759962
2530 -0.00650557 0.764429
2531 0.0699698 0.761258
2532 0.145746 0.750501
2533 0.22007 0.732325
2534 0.292211 0.707006
2535 0.361471 0.67492
2536 0.427195 0.636522
2537 0.488776 0.592328
2538 0.545661 0.542902
2539 0.597356 0.48883
2540 0.643427 0.43071
2541 0.683498 0.369138
2542 0.717254 0.304696
2543 0.744437 0.237952
2544 0.764845 0.169453
2545 0.778328 0.0997275
2546 0.78479 0.0292892
2547 0.784186 -0.0413571
2548 0.776519 -0.11171
2549 0.761844 -0.181262
2550 0.740266 -0.2495
2551 0.711944 -0.315889
2552 0.677089 -0.379881
2553 0.635968 -0.440905
2554 0.588908 -0.498375
2555 0.536293 -0.551696
2556 0.478568 -0.600269
2557 0.416239 -0.64351
2558 0.349866 -0.680865
2559 0.280066 -0.711825
2560 0.207501 -0.735946
2561 0.132877 -0.752872
2562 0.0569271 -0.762341
2563 -0.0195914 -0.764206
2564 -0.095914 -0.758438
2565 -0.171279 -0.745128
2566 -0.24494 -0.724481
2567 -0.316175 -0.696809
2568 -0.384301 -0.662517
2569 -0.448678 -0.622082
2570 -0.508718 -0.576041
2571 -0.563887 -0.524964
2572 -0.613711 -0.469445
2573 -0.657776 -0.410082
2574 -0.695727 -0.347467
2575 -0.727269 -0.282178
2576 -0.752163 -0.214775
2577 -0.770224 -0.1458
2578 -0.781323 -0.0757739
2579 -0.785379 -0.00520833
2580 -0.782364 0.0653942
2581 -0.7723 0.135531
2582 -0.755258 0.204694
2583 -0.731361 0.272362
2584 -0.700786 0.337998
2585 -0.663762 0.401043
2586 -0.620577 0.460922
2587 -0.571577 0.517045
2588 -0.517168 0.568814
2589 -0.457814 0.615635
2590 -0.394041 0.65693
2591 -0.326428 0.69216
2592 -0.255609 0.720834
2593 -0.182261 0.742539
2594 -0.107101 0.756946
2595 -0.0308722 0.763835
2596 0.0456656 0.763095
2597 0.121747 0.754741
2598 0.196614 0.738901
2599 0.269527 0.71582
2600 0.339778 0.685842
2601 0.406695 0.649399
2602 0.469657 0.606991
2603 0.528094 0.559168
2604 0.581491 0.50651
2605 0.629396 0.449614
2606 0.671414 0.389076
2607 0.707211 0.325486
2608 0.736511 0.259415
2609 0.759094 0.191416
2610 0.774794 0.122024
2611 0.783499 0.0517577
2612 0.785146 -0.0188768
2613 0.779723 -0.0893774
2614 0.76727 -0.15924
2615 0.747875 -0.227953
2616 0.72168 -0.294989
2617 0.688877 -0.359805
2618 0.649719 -0.421837
2619 0.60451 -0.480503
2620 0.553618 -0.535209
2621 0.497468 -0.585358
2622 0.436546 -0.630359
2623 0.371397 -0.669645
2624 0.302617 -0.702692
2625 0.230858 -0.729034
2626 0.156811 -0.748283
2627 0.0812016 -0.760147
2628 0.00478136 -0.764441
2629 -0.0716867 -0.761099
2630 -0.147438 -0.750173
2631 -0.221721 -0.731832
2632 -0.293805 -0.706357
2633 -0.362993 -0.674123
2634 -0.42863 -0.635588
2635 -0.49011 -0.591271
2636 -0.546884 -0.541733
2637 -0.598457 -0.487564
2638 -0.644396 -0.429359
2639 -0.684329 -0.367716
2640 -0.71794 -0.303217
2641 -0.744972 -0.236427
2642 -0.765225 -0.167895
2643 -0.778551 -0.0981473
2644 -0.784855 -0.0276988
2645 -0.784091 0.0429464
2646 -0.776265 0.113286
2647 -0.761434 0.182815
2648 -0.739702 0.251017
2649 -0.71123 0.317359
2650 -0.67623 0.38129
2651 -0.634972 0.44224
2652 -0.587782 0.499624
2653 -0.535047 0.552844
2654 -0.477214 0.601303
2655 -0.414787 0.644418
2656 -0.34833 0.681634
2657 -0.27846 0.712445
2658 -0.205841 0.736408
2659 -0.131178 0.753168
2660 -0.0552075 0.762467
2661 0.021315 0.76416
2662 0.0976245 0.758221
2663 0.172959 0.744742
2664 0.246573 0.723933
2665 0.317746 0.696108
2666 0.385795 0.661672
2667 0.45008 0.621105
2668 0.510016 0.574944
2669 0.565069 0.523761
2670 0.614768 0.468148
2671 0.658699 0.408706
2672 0.696509 0.346024
2673 0.727904 0.280682
2674 0.752645 0.213238
2675 0.770551 0.144233
2676 0.781492 0.074189
2677 0.785389 0.00361705
2678 0.782215 -0.0669806
2679 0.771993 -0.137101
2680 0.754795 -0.206237
2681 0.730745 -0.273865
2682 0.700022 -0.339448
2683 0.662856 -0.402428
2684 0.619536 -0.462229
2685 0.57041 -0.518261
2686 0.515884 -0.569925
2687 0.456425 -0.616628
2688 0.392558 -0.657792
2689 0.324866 -0.692879
2690 0.253983 -0.721401
2691 0.180586 -0.742945
2692 0.105394 -0.757185
2693 0.0291493 -0.763902
2694 -0.0473867 -0.762991
2695 -0.123449 -0.754466
2696 -0.19828 -0.73846
2697 -0.271141 -0.715219
2698 -0.341324 -0.685091
2699 -0.408159 -0.648508
2700 -0.471025 -0.605972
2701 -0.529353 -0.558033
2702 -0.582632 -0.505273
2703 -0.630408 -0.448288
2704 -0.672289 -0.387676
2705 -0.707943 -0.324023
2706 -0.737094 -0.257903
2707 -0.759524 -0.189867
2708 -0.775067 -0.12045
2709 -0.783614 -0.0501694
2710 -0.785101 0.0204677
2711 -0.77952 0.0909594
2712 -0.766909 0.160802
2713 -0.74736 0.229483
2714 -0.721013 0.296475
2715 -0.688065 0.361235
2716 -0.648766 0.423197
2717 -0.603425 0.481781
2718 -0.55241 0.536391
2719 -0.496147 0.58643
2720 -0.435124 0.631308
2721 -0.369885 0.67046
2722 -0.301032 0.70336
2723 -0.229213 0.729546
2724 -0.155123 0.748632
2725 -0.0794869 0.760327
2726 -0.00305713 0.76445
2727 0.0734032 0.760936
2728 0.14913 0.74984
2729 0.223371 0.731336
2730 0.295397 0.705704
2731 0.364512 0.673323
2732 0.430062 0.634652
2733 0.491442 0.590211
2734 0.548104 0.540562
2735 0.599555 0.486295
2736 0.645363 0.428007
2737 0.685156 0.366293
2738 0.718622 0.301736
2739 0.745503 0.234901
2740 0.765602 0.166336
2741 0.778771 0.0965668
2742 0.784915 0.0261083
2743 0.783992 -0.0445355
2744 0.776008 -0.114863
2745 0.76102 -0.184368
2746 0.739135 -0.252533
2747 0.710513 -0.318827
2748 0.675369 -0.382697
2749 0.633974 -0.443574
2750 0.586654 -0.50087
2751 0.533799 -0.55399
2752 0.475856 -0.602335
2753 0.413332 -0.645323
2754 0.346792 -0.682401
2755 0.276852 -0.713061
2756 0.20418 -0.736866
2757 0.129479 -0.75346
2758 0.0534876 -0.762589
2759 -0.0230386 -0.76411
2760 -0.0993344 -0.758
2761 -0.174639 -0.744354
2762 -0.248205 -0.723383
2763 -0.319315 -0.695404
2764 -0.387286 -0.660824
2765 -0.45148 -0.620125
2766 -0.511311 -0.573844
2767 -0.566249 -0.522555
2768 -0.615822 -0.46685
2769 -0.659619 -0.407328
2770 -0.697287 -0.34458
2771 -0.728535 -0.279184
2772 -0.753124 -0.211699
2773 -0.770874 -0.142665
2774 -0.781657 -0.0726038
2775 -0.785395 -0.00202576
2776 -0.782062 0.0685667
2777 -0.771682 0.138671
2778 -0.754328 0.207778
2779 -0.730126 0.275366
2780 -0.699255 0.340897
2781 -0.661947 0.403812
2782 -0.618493 0.463535
2783 -0.56924 0.519475
2784 -0.514598 0.571034
2785 -0.455033 0.617618
2786 -0.391074 0.658651
2787 -0.323303 0.693595
2788 -0.252355 0.721965
2789 -0.17891 0.743347
2790 -0.103686 0.75742
2791 -0.0274262 0.763966
2792 0.0491075 0.762882
2793 0.12515 0.754187
2794 0.199945 0.738015
2795 0.272753 0.714615
2796 0.342868 0.684336
2797 0.409621 0.647614
2798 0.472391 0.60495
2799 0.53061 0.556896
2800 0.58377 0.504034
2801 0.631417 0.446961
2802 0.673162 0.386274
2803 0.708672 0.322559
2804 0.737674 0.25639
2805 0.75995 0.188317
2806 0.775337 0.118875
2807 0.783725 0.0485808
2808 0.785053 -0.0220585
2809 0.779313 -0.0925412
2810 0.766545 -0.162363
2811 0.746841 -0.231012
2812 0.720343 -0.29796
2813 0.687249 -0.362663
2814 0.64781 -0.424556
2815 0.602337 -0.483056
2816 0.551199 -0.53757
2817 0.494823 -0.5875
2818 0.433699 -0.632255
2819 0.368372 -0.671271
2820 0.299445 -0.704026
2821 0.227567 -0.730056
2822 0.153434 -0.748978
2823 0.0777717 -0.760504
2824 0.00133288 -0.764455
2825 -0.0751193 -0.760769
2826 -0.150821 -0.749504
2827 -0.22502 -0.730836
2828 -0.296988 -0.705047
2829 -0.36603 -0.67252
2830 -0.431492 -0.633713
2831 -0.492772 -0.589148
2832 -0.549322 -0.539389
2833 -0.60065 -0.485025
2834 -0.646327 -0.426653
2835 -0.685981 -0.364868
2836 -0.7193 -0.300254
2837 -0.746031 -0.233374
2838 -0.765975 -0.164776
2839 -0.778986 -0.0949859
2840 -0.784972 -0.0245177
2841 -0.78389 0.0461245
2842 -0.775747 0.116439
2843 -0.760602 0.185919
2844 -0.738563 0.254049
2845 -0.709792 0.320294
2846 -0.674505 0.384103
2847 -0.632972 0.444906
2848 -0.585524 0.502115
2849 -0.532549 0.555133
2850 -0.474497 0.603364
2851 -0.411876 0.646225
2852 -0.345252 0.683163
2853 -0.275243 0.713674
2854 -0.202517 0.73732
2855 -0.127779 0.753748
2856 -0.0517675 0.762707
2857 0.024762 0.764056
2858 0.101044 0.757775
2859 0.176317 0.743961
2860 0.249836 0.722828
2861 0.320883 0.694696
2862 0.388775 0.659973
2863 0.452877 0.619143
2864 0.512604 0.572742
2865 0.567426 0.521347
2866 0.616873 0.465549
2867 0.660536 0.405948
2868 0.698063 0.343134
2869 0.729162 0.277685
2870 0.7536 0.21016
2871 0.771194 0.141097
2872 0.781819 0.0710184
2873 0.785398 0.000434459
2874 0.781906 -0.0701525
2875 0.771368 -0.14024
2876 0.753858 -0.209319
2877 0.729504 -0.276866
2878 0.698485 -0.342344
2879 0.661035 -0.405194
2880 0.617446 -0.464838
2881 0.568067 -0.520686
2882 0.513309 -0.57214
2883 0.453639 -0.618605
2884 0.389588 -0.659507
2885 0.321738 -0.694308
2886 0.250726 -0.722524
2887 0.177233 -0.743745
2888 0.101977 -0.75765
2889 0.025703 -0.764025
2890 -0.0508281 -0.76277
2891 -0.126851 -0.753904
2892 -0.201609 -0.737566
2893 -0.274364 -0.714007
2894 -0.34441 -0.683578
2895 -0.41108 -0.646716
2896 -0.473754 -0.603925
2897 -0.531865 -0.555756
2898 -0.584905 -0.502793
2899 -0.632424 -0.445632
2900 -0.674031 -0.38487
2901 -0.709398 -0.321094
2902 -0.73825 -0.254876
2903 -0.760373 -0.186766
2904 -0.775603 -0.117299
2905 -0.783833 -0.0469921
2906 -0.785002 0.0236492
2907 -0.779103 0.0941226
2908 -0.766177 0.163924
2909 -0.746318 0.23254
2910 -0.719669 0.299444
2911 -0.686429 0.36409
2912 -0.646851 0.425913
2913 -0.601247 0.48433
2914 -0.549985 0.538747
2915 -0.493497 0.588566
2916 -0.432272 0.633199
2917 -0.366858 0.67208
2918 -0.297856 0.704687
2919 -0.22592 0.730561
2920 -0.151744 0.749319
2921 -0.0760562 0.760677
2922 0.000391369 0.764456
2923 0.076835 0.760599
2924 0.152511 0.749165
2925 0.226668 0.730332
2926 0.298578 0.704387
2927 0.367545 0.671713
2928 0.43292 0.632771
2929 0.4941 0.588082
2930 0.550537 0.538213
2931 0.601742 0.483752
2932 0.647287 0.425297
2933 0.686802 0.363442
2934 0.719975 0.298771
2935 0.746556 0.231847
2936 0.766345 0.163216
2937 0.779199 0.0934047
2938 0.785026 0.0229271
2939 0.783784 -0.0477133
2940 0.775483 -0.118015
2941 0.760181 -0.18747
2942 0.737989 -0.255563
2943 0.709069 -0.321759
2944 0.673637 -0.385507
2945 0.631967 -0.446236
2946 0.58439 -0.503357
2947 0.531296 -0.556274
2948 0.473135 -0.604391
2949 0.410418 -0.647124
2950 0.34371 -0.683923
2951 0.273633 -0.714284
2952 0.200854 -0.73777
2953 0.126079 -0.754033
2954 0.050047 -0.762822
2955 -0.0264853 -0.763999
2956 -0.102753 -0.757546
2957 -0.177994 -0.743565
2958 -0.251466 -0.722271
2959 -0.322449 -0.693985
2960 -0.390263 -0.659119
2961 -0.454272 -0.618157
2962 -0.513894 -0.571638
2963 -0.5686 -0.520137
2964 -0.617921 -0.464247
2965 -0.661449 -0.404567
2966 -0.698835 -0.341687
2967 -0.729787 -0.276186
2968 -0.754072 -0.208619
2969 -0.771511 -0.139528
2970 -0.781977 -0.0694327
2971 -0.785397 0.00115684
2972 -0.781746 0.0717381
2973 -0.77105 0.141809
2974 -0.753384 0.210858
2975 -0.728878 0.278366
2976 -0.697711 0.343791
2977 -0.66012 0.406574
2978 -0.616396 0.46614
2979 -0.566892 0.521896
2980 -0.512017 0.573243
2981 -0.452243 0.619589
2982 -0.388099 0.66036
2983 -0.320171 0.695018
2984 -0.249096 0.723081
2985 -0.175555 0.74414
2986 -0.100268 0.757877
2987 -0.0239796 0.764081
2988 0.0525484 0.762654
2989 0.128551 0.753618
2990 0.203272 0.737114
2991 0.275974 0.713396
2992 0.345951 0.682817
2993 0.412537 0.645816
2994 0.475114 0.602897
2995 0.533117 0.554614
2996 0.586037 0.50155
2997 0.633427 0.444301
2998 0.674898 0.383465
2999 0.71012 0.319628
3000 0.738823 0.253361
3001 0.760792 0.185215
3002 0.775866 0.115724
3003 0.783937 0.0454032
3004 0.784947 -0.0252398
3005 0.778889 -0.0957036
3006 0.765806 -0.165484
3007 0.745792 -0.234068
3008 0.718993 -0.300927
3009 0.685607 -0.365515
3010 0.64589 -0.427268
3011 0.600153 -0.485602
3012 0.548769 -0.539922
3013 0.492169 -0.589631
3014 0.430843 -0.634139
3015 0.365341 -0.672885
3016 0.296266 -0.705346
3017 0.224272 -0.731063
3018 0.150053 -0.749657
3019 0.0743403 -0.760846
3020 -0.00211562 -0.764453
3021 -0.0785504 -0.760424
3022 -0.1542 -0.748821
3023 -0.228315 -0.729825
3024 -0.300165 -0.703724
3025 -0.369059 -0.670903
3026 -0.434346 -0.631825
3027 -0.495425 -0.587014
3028 -0.551749 -0.537035
3029 -0.602832 -0.482477
3030 -0.648244 -0.423939
3031 -0.687619 -0.362015
3032 -0.720647 -0.297286
3033 -0.747077 -0.230318
3034 -0.766711 -0.161655
3035 -0.779408 -0.0918232
3036 -0.785076 -0.0213363
3037 -0.783675 0.049302
3038 -0.775215 0.11959
3039 -0.759757 0.189021
3040 -0.737411 0.257077
3041 -0.708342 0.323224
3042 -0.672766 0.38691
3043 -0.63096 0.447564
3044 -0.583254 0.504597
3045 -0.53004 0.557413
3046 -0.471771 0.605414
3047 -0.408957 0.64802
3048 -0.342167 0.684679
3049 -0.272021 0.71489
3050 -0.199189 0.738217
3051 -0.124378 0.754314
3052 -0.0483263 0.762932
3053 0.0282084 0.763937
3054 0.104461 0.757313
3055 0.179671 0.743165
3056 0.253094 0.721709
3057 0.324013 0.693271
3058 0.391748 0.658262
3059 0.455665 0.617168
3060 0.515182 0.570531
3061 0.569771 0.518924
3062 0.618967 0.462942
3063 0.66236 0.403184
3064 0.699603 0.340239
3065 0.730408 0.274685
3066 0.75454 0.207078
3067 0.771823 0.137959
3068 0.782132 0.0678467
3069 0.785393 -0.00274814
3070 0.781582 -0.0733235
3071 0.770728 -0.143377
3072 0.752907 -0.212398
3073 0.728249 -0.279864
3074 0.696934 -0.345236
3075 0.659201 -0.407953
3076 0.615344 -0.46744
3077 0.565714 -0.523102
3078 0.510723 -0.574344
3079 0.450845 -0.620571
3080 0.386609 -0.661209
3081 0.318603 -0.695724
3082 0.247464 -0.723633
3083 0.173876 -0.744531
3084 0.0985582 -0.758101
3085 0.0222562 -0.764133
3086 -0.0542684 -0.762534
3087 -0.130251 -0.753328
3088 -0.204934 -0.736658
3089 -0.277582 -0.712782
3090 -0.34749 -0.682053
3091 -0.413993 -0.644913
3092 -0.476473 -0.601867
3093 -0.534366 -0.55347
3094 -0.587167 -0.500305
3095 -0.634427 -0.442969
3096 -0.675761 -0.382058
3097 -0.710839 -0.31816
3098 -0.739393 -0.251845
3099 -0.761208 -0.183663
3100 -0.776125 -0.114147
3101 -0.784037 -0.0438142
3102 -0.784888 0.0268303
3103 -0.778671 0.0972844
3104 -0.765431 0.167043
3105 -0.745263 0.235594
3106 -0.718312 0.302408
3107 -0.684781 0.366939
3108 -0.644925 0.428621
3109 -0.599057 0.486871
3110 -0.54755 0.541094
3111 -0.490838 0.590692
3112 -0.429412 0.635077
3113 -0.363822 0.673687
3114 -0.294675 0.706001
3115 -0.222622 0.731561
3116 -0.148362 0.749992
3117 -0.072624 0.761011
3118 0.00383986 0.764447
3119 0.0802653 0.760246
3120 0.155889 0.748474
3121 0.22996 0.729314
3122 0.301752 0.703057
3123 0.370572 0.67009
3124 0.43577 0.630877
3125 0.496747 0.585944
3126 0.552959 0.535855
3127 0.603918 0.481201
3128 0.649199 0.42258
3129 0.688434 0.360586
3130 0.721316 0.295801
3131 0.747594 0.228788
3132 0.767074 0.160093
3133 0.779613 0.0902413
3134 0.785122 0.0197455
3135 0.783562 -0.0508904
3136 0.774944 -0.121165
3137 0.759329 -0.19057
3138 0.73683 -0.258589
3139 0.707611 -0.324687
3140 0.671892 -0.388312
3141 0.629949 -0.44889
3142 0.582114 -0.505835
3143 0.528782 -0.558549
3144 0.470405 -0.606435
3145 0.407495 -0.648913
3146 0.340622 -0.685432
3147 0.270408 -0.715492
3148 0.197524 -0.73866
3149 0.122676 -0.754591
3150 0.0466054 -0.763039
3151 -0.0299314 -0.763872
3152 -0.106169 -0.757077
3153 -0.181347 -0.742761
3154 -0.254721 -0.721144
3155 -0.325576 -0.692553
3156 -0.393232 -0.657401
3157 -0.457056 -0.616177
3158 -0.516467 -0.569421
3159 -0.57094 -0.517709
3160 -0.620009 -0.461636
3161 -0.663267 -0.401799
3162 -0.700369 -0.33879
3163 -0.731025 -0.273183
3164 -0.755006 -0.205537
3165 -0.772133 -0.136389
3166 -0.782283 -0.0662605
3167 -0.785385 0.00433943
3168 -0.781415 0.0749085
3169 -0.770403 0.144944
3170 -0.752427 0.213936
3171 -0.727616 0.281361
3172 -0.696154 0.346679
3173 -0.65828 0.409331
3174 -0.614288 0.468737
3175 -0.564533 0.524307
3176 -0.509427 0.575442
3177 -0.449444 0.621549
3178 -0.385117 0.662056
3179 -0.317033 0.696427
3180 -0.245832 0.724182
3181 -0.172197 0.744918
3182 -0.0968481 0.75832
3183 -0.0205326 0.764181
3184 0.0559882 0.76241
3185 0.131949 0.753034
3186 0.206595 0.736199
3187 0.279189 0.712164
3188 0.349028 0.681286
3189 0.415446 0.644006
3190 0.477829 0.600834
3191 0.535613 0.552323
3192 0.588294 0.499057
3193 0.635425 0.441634
3194 0.67662 0.38065
3195 0.711555 0.316692
3196 0.739959 0.250328
3197 0.76162 0.182111
3198 0.776381 0.112571
3199 0.784134 0.0422249
3200 0.784826 -0.0284208
3201 0.77845 -0.0988647
3202 0.765053 -0.168602
3203 0.74473 -0.23712
3204 0.717629 -0.303888
3205 0.683952 -0.368361
3206 0.643957 -0.429973
3207 0.597958 -0.488139
3208 0.546329 -0.542264
3209 0.489505 -0.591751
3210 0.427979 -0.636012
3211 0.362302 -0.674485
3212 0.293082 -0.706652
3213 0.220972 -0.732056
3214 0.14667 -0.750322
3215 0.0709073 -0.761172
3216 -0.00556408 -0.764436
3217 -0.0819799 -0.760063
3218 -0.157577 -0.748123
3219 -0.231604 -0.7288
3220 -0.303337 -0.702387
3221 -0.372082 -0.669274
3222 -0.437192 -0.629927
3223 -0.498067 -0.58487
3224 -0.554166 -0.534672
3225 -0.605002 -0.479922
3226 -0.65015 -0.421219
3227 -0.689245 -0.359156
3228 -0.721981 -0.294314
3229 -0.748108 -0.227258
3230 -0.767433 -0.158531
3231 -0.779814 -0.0886591
3232 -0.785165 -0.0181546
3233 -0.783445 0.0524787
3234 -0.774669 0.122739
3235 -0.758898 0.192119
3236 -0.736245 0.260101
3237 -0.706878 0.326149
3238 -0.671015 0.389711
3239 -0.628935 0.450215
3240 -0.580972 0.507071
3241 -0.527521 0.559682
3242 -0.469036 0.607453
3243 -0.40603 0.649803
3244 -0.339075 0.686182
3245 -0.268794 0.716091
3246 -0.195857 0.7391
3247 -0.120974 0.754864
3248 -0.0448842 0.763142
3249 0.0316543 0.763803
3250 0.107876 0.756837
3251 0.183022 0.742353
3252 0.256347 0.720576
3253 0.327137 0.691832
3254 0.394713 0.656538
3255 0.458444 0.615183
3256 0.51775 0.568309
3257 0.572106 0.516493
3258 0.621049 0.460328
3259 0.664172 0.400413
3260 0.701131 0.337339
3261 0.73164 0.27168
3262 0.755467 0.203994
3263 0.772438 0.134818
3264 0.782431 0.064674
3265 0.785373 -0.0059307
