0 1000
1 987
2 979
3 970
4 962
5 947
6 940
7 927
8 916
9 908
10 902
11 898
12 892
13 882
14 875
15 872
16 861
17 855
18 843
19 833
20 824
21 814
22 807
23 800
24 791
25 781
26 774
27 764
28 758
29 747
30 737
31 729
32 723
33 719
34 710
35 704
36 697
37 688
38 682
39 669
40 664
41 659
42 650
43 646
44 640
45 630
46 618
47 614
48 610
49 603
50 597
51 589
52 582
53 578
54 577
55 569
56 561
57 556
58 549
59 544
60 538
61 536
62 530
63 522
64 518
65 513
66 507
67 498
68 492
69 485
70 484
71 480
72 474
73 467
74 461
75 456
76 452
77 444
78 442
79 440
80 439
81 433
82 430
83 427
84 421
85 411
86 407
87 403
88 396
89 395
90 393
91 389
92 387
93 384
94 379
95 375
96 374
97 370
98 369
99 367
100 366
101 357
102 355
103 354
104 349
105 345
106 341
107 341
108 334
109 328
110 326
111 322
112 318
113 315
114 312
115 306
116 303
117 296
118 294
119 290
120 285
121 284
122 279
123 278
124 272
125 269
126 268
127 264
128 263
129 263
130 261
131 256
132 255
133 254
134 250
135 249
136 246
137 243
138 239
139 237
140 236
141 231
142 227
143 224
144 219
145 218
146 216
147 215
148 212
149 209
150 208
151 203
152 201
153 199
154 196
155 193
156 192
157 192
158 191
159 189
160 187
161 185
162 183
163 181
164 179
165 176
166 176
167 174
168 173
169 170
170 169
171 168
172 165
173 162
174 160
175 160
176 160
177 158
178 158
179 158
180 158
181 156
182 154
183 152
184 150
185 148
186 147
187 145
188 141
189 140
190 138
191 137
192 136
193 135
194 134
195 132
196 132
197 132
198 132
199 132
200 130
201 130
202 129
203 128
204 128
205 128
206 127
207 127
208 127
209 127
210 126
211 125
212 125
213 125
214 123
215 122
216 122
217 119
218 118
219 117
220 116
221 115
222 115
223 113
224 113
225 112
226 111
227 108
228 106
229 106
230 105
231 104
232 103
233 102
234 101
235 99
236 98
237 98
238 98
239 98
240 97
241 97
242 96
243 96
244 95
245 94
246 93
247 93
248 92
249 91
250 90
251 89
252 89
253 88
254 87
255 86
256 85
257 85
258 83
259 82
260 81
261 81
262 81
263 81
264 81
265 81
266 81
267 79
268 77
269 76
270 76
271 75
272 75
273 75
274 74
275 72
276 70
277 69
278 69
279 67
280 66
281 65
282 64
283 64
284 64
285 64
286 63
287 62
288 62
289 60
290 58
291 58
292 58
293 57
294 57
295 57
296 56
297 56
298 55
299 54
300 54
301 53
302 53
303 53
304 53
305 53
306 52
307 51
308 50
309 49
310 48
311 48
312 48
313 47
314 46
315 46
316 46
317 46
318 46
319 46
320 45
321 45
322 44
323 43
324 43
325 43
326 42
327 41
328 41
329 41
330 40
331 40
332 40
333 38
334 38
335 38
336 38
337 38
338 37
339 37
340 37
341 37
342 37
343 37
344 37
345 36
346 36
347 36
348 35
349 34
350 33
351 33
352 33
353 33
354 33
355 33
356 33
357 33
358 33
359 33
360 32
361 32
362 32
363 31
364 31
365 29
366 29
367 29
368 29
369 29
370 29
371 29
372 29
373 29
374 28
375 27
376 26
377 26
378 26
379 26
380 26
381 26
382 25
383 25
384 25
385 25
386 25
387 25
388 24
389 23
390 23
391 23
392 23
393 23
394 22
395 22
396 21
397 21
398 21
399 21
400 21
401 21
402 21
403 20
404 20
405 19
406 19
407 19
408 19
409 19
410 19
411 19
412 19
413 18
414 17
415 17
416 17
417 17
418 17
419 17
420 17
421 17
422 17
423 17
424 17
425 17
426 17
427 16
428 16
429 16
430 16
431 15
432 15
433 15
434 14
435 14
436 13
437 13
438 11
439 11
440 11
441 11
442 11
443 11
444 10
445 10
446 10
447 10
448 10
449 10
450 10
451 10
452 10
453 10
454 10
455 10
456 9
457 9
458 9
459 9
460 9
461 9
462 9
463 9
464 9
465 9
466 9
467 9
468 9
469 9
470 9
471 8
472 8
473 8
474 8
475 8
476 8
477 8
478 8
479 8
480 8
481 8
482 8
483 8
484 8
485 8
486 8
487 8
488 8
489 8
490 8
491 8
492 8
493 8
494 8
495 8
496 8
497 8
498 8
499 8
500 8
501 8
502 8
503 8
504 8
505 8
506 8
507 8
508 8
509 8
510 8
511 8
512 8
513 8
514 8
515 8
516 8
517 8
518 8
519 8
520 8
521 8
522 8
523 8
524 8
525 8
526 8
527 8
528 8
529 7
530 7
531 6
532 6
533 6
534 6
535 6
536 6
537 6
538 6
539 6
540 6
541 6
542 6
543 6
544 6
545 6
546 6
547 6
548 6
549 6
550 6
551 6
552 6
553 6
554 6
555 6
556 6
557 6
558 6
559 6
560 6
561 6
562 6
563 6
564 6
565 6
566 6
567 6
568 6
569 6
570 6
571 6
572 6
573 6
574 6
575 6
576 6
577 5
578 5
579 5
580 5
581 5
582 5
583 5
584 5
585 5
586 5
587 5
588 5
589 5
590 5
591 5
592 5
593 5
594 5
595 5
596 5
597 5
598 5
599 5
600 5
601 5
602 5
603 5
604 5
605 5
606 5
607 5
608 5
609 5
610 5
611 5
612 5
613 5
614 5
615 5
616 5
617 5
618 5
619 5
620 5
621 5
622 5
623 5
624 5
625 5
626 5
627 5
628 5
629 5
630 5
631 5
632 5
633 5
634 5
635 5
636 5
637 5
638 5
639 5
640 5
641 5
642 5
643 5
644 5
645 4
646 4
647 4
648 4
649 4
650 4
651 4
652 4
653 4
654 4
655 4
656 4
657 4
658 4
659 4
660 4
661 4
662 4
663 4
664 4
665 4
666 4
667 4
668 4
669 4
670 4
671 4
672 4
673 4
674 4
675 4
676 4
677 4
678 4
679 4
680 4
681 3
682 3
683 3
684 3
685 3
686 3
687 3
688 3
689 3
690 3
691 3
692 3
693 3
694 3
695 3
696 3
697 3
698 3
699 3
700 3
701 2
702 2
703 2
704 2
705 2
706 2
707 2
708 2
709 1
710 1
711 1
712 1
713 1
714 1
715 1
716 1
717 1
718 1
719 1
720 1
721 1
722 1
723 1
724 1
725 1
726 1
727 1
728 1
729 1
730 1
731 1
732 1
733 1
734 1
735 1
736 1
737 1
738 1
739 1
740 1
741 1
742 1
743 1
744 1
745 1
746 1
747 1
748 1
749 1
750 1
751 1
752 1
753 1
754 1
755 1
756 1
757 1
758 1
759 1
760 1
761 1
762 1
763 1
764 1
765 1
766 1
767 1
768 1
769 1
770 1
771 1
772 1
773 1
774 1
775 1
776 1
777 1
778 1
779 1
780 1
781 1
782 1
783 1
784 1
785 1
786 1
787 1
788 1
789 1
790 1
791 1
792 1
793 1
794 1
795 1
796 1
797 1
798 1
799 1
800 1
801 1
802 1
803 1
804 1
805 1
806 1
807 1
808 1
809 1
810 1
811 1
812 1
813 1
814 1
815 1
816 1
817 1
818 1
819 1
820 1
821 1
822 1
823 1
824 1
825 1
826 1
827 1
828 1
829 1
830 1
831 1
832 1
833 1
834 1
835 1
836 1
837 1
838 1
839 1
840 1
841 1
842 1
843 1
844 1
845 1
846 1
847 1
848 1
849 1
850 1
851 1
852 1
853 1
854 1
855 1
856 1
857 1
858 1
859 1
860 1
861 1
862 1
863 1
864 1
865 1
866 1
867 1
868 1
869 1
870 1
871 1
872 1
873 0
